   6.7153613e+02   5.7749819e+02   7.8066526e+02   6.1846973e+02  -3.8261686e-01
   9.5775037e+02   3.7567763e+02   1.0240000e+03   4.2495788e+02  -8.9514442e-01
   1.0000000e+00   3.4688292e+02   7.5616188e+01   4.0554292e+02  -8.9543299e-01
   6.5562945e+02   5.5512228e+02   8.3032160e+02   6.3505439e+02  -8.9654818e-01
   7.6164831e+02   3.4133961e+02   8.6188533e+02   4.1566241e+02  -9.3421533e-01
   1.4906089e+02   5.7362586e+02   2.2114310e+02   6.3039705e+02  -9.5098153e-01
   6.3139142e+02   5.2330826e+02   7.4017183e+02   5.6673305e+02  -9.6138438e-01
   1.6413022e+00   4.7107017e+02   8.3139595e+01   5.3124696e+02  -9.6867479e-01
   3.8614684e+02   3.5244798e+02   4.8797333e+02   3.9251044e+02  -9.7889702e-01
   6.5874955e+02   5.0371332e+02   9.2432830e+02   7.1401388e+02  -9.7890662e-01
   1.3897138e+02   5.1931638e+02   2.0780000e+02   5.7279522e+02  -9.8611917e-01
