   7.6020059e+02   3.4093187e+02   8.5977034e+02   4.1329385e+02  -6.9320355e-01
   1.9664852e+00   6.5392948e+02   9.6364180e+01   6.8771820e+02  -7.3475667e-01
   8.0657682e+02   2.9575814e+02   8.6827702e+02   3.4471759e+02  -8.7185015e-01
   1.6306470e+01   6.1733384e+02   1.1660439e+02   6.5321026e+02  -8.8620936e-01
   5.0429629e+02   4.5534037e+02   6.3896669e+02   5.0489852e+02  -9.5227405e-01
   6.4287427e+01   2.6535686e+01   1.6126959e+02   1.1264805e+02  -9.5381382e-01
   1.0000000e+00   4.9383919e+02   1.2717960e+02   5.3765272e+02  -9.6305066e-01
   1.9721190e+02   5.5057026e+02   3.0592034e+02   6.3389052e+02  -9.6323603e-01
   3.7670213e+00   6.1359177e+02   8.7994132e+01   6.8685134e+02  -9.8378367e-01
   7.4574434e+02   4.4467941e+02   8.4351644e+02   5.1501395e+02  -9.8527807e-01
