   5.7018240e+01   6.1105579e+02   1.6023797e+02   6.4695751e+02  -6.5460939e-01
   1.0000000e+00   4.6589611e+02   9.4956683e+01   5.0381677e+02  -7.8328115e-01
   3.7019761e+02   4.8222146e+02   4.5635486e+02   5.4807148e+02  -8.7213083e-01
   2.9959132e+00   6.7413269e+02   1.0411307e+02   7.4648704e+02  -8.9456786e-01
   2.1396120e+00   3.5470619e+02   1.2724564e+02   4.0281726e+02  -8.9596954e-01
   7.4532410e+02   4.0672036e+02   8.1522126e+02   4.5996757e+02  -9.2569886e-01
   7.6454786e+02   4.6583398e+02   8.7595128e+02   5.4331761e+02  -9.3461648e-01
   7.7700508e+02   3.5837715e+02   8.5858840e+02   4.1181394e+02  -9.4422948e-01
   1.2438952e+01   4.7643762e+02   9.3710780e+01   5.3654389e+02  -9.7943822e-01
   7.4917385e+02   3.3077772e+02   8.6172678e+02   4.1654729e+02  -9.8182075e-01
   5.4594865e+02   4.9568050e+02   6.4809304e+02   5.3005310e+02  -9.8456358e-01
