   8.6357034e+02   3.9222041e+02   9.6101802e+02   4.2632054e+02  -5.8663311e-01
   1.6586407e+01   4.0669014e+02   1.7630017e+02   5.2829237e+02  -7.8650098e-01
   2.3295063e+02   3.1236444e+02   3.3854659e+02   3.5462915e+02  -9.0226731e-01
   9.2978318e+02   4.6072548e+02   1.0240000e+03   4.9982527e+02  -9.4011780e-01
   8.1446358e+02   3.9388880e+02   9.1729149e+02   4.7089017e+02  -9.6534143e-01
   4.8282311e+02   5.2590625e+02   6.9923377e+02   7.0353413e+02  -9.7510656e-01
   7.3938106e+02   4.9087094e+02   9.0757569e+02   6.1850673e+02  -9.7515000e-01
   7.4382668e+02   1.4541161e+02   1.0240000e+03   3.7268332e+02  -9.8203924e-01
   5.3161739e+02   4.4210215e+02   6.3239850e+02   5.0589646e+02  -9.9113227e-01
   5.0576897e+00   6.9689183e+02   1.1799925e+02   7.4242747e+02  -9.9209170e-01
