   8.4145480e+02   5.4170293e+02   9.6140148e+02   5.8256498e+02  -6.2827053e-01
   8.9806522e+01   4.7059684e+02   3.2011746e+02   6.5027235e+02  -7.4724713e-01
   3.1351281e+01   5.9840430e+02   2.1927425e+02   7.4227298e+02  -8.3092358e-01
   8.9935657e+02   4.9524747e+02   9.7240983e+02   5.5038263e+02  -8.5738389e-01
   8.4405448e+02   5.3840909e+02   9.4776334e+02   6.2426038e+02  -8.6446157e-01
   6.1212110e+02   1.1616227e+02   7.2990628e+02   1.6859060e+02  -8.9040133e-01
   8.3250722e+02   4.7820820e+02   9.5439306e+02   5.7864835e+02  -9.1377339e-01
   3.5407954e+01   4.5708515e+02   1.3363527e+02   5.3166954e+02  -9.2354854e-01
   8.7484120e+00   3.9896529e+02   1.7696788e+02   5.3852462e+02  -9.2527963e-01
   3.8584358e+01   5.5358745e+02   3.6974146e+02   7.6800000e+02  -9.4489160e-01
   9.1028775e+02   2.9378139e+02   1.0208519e+03   3.8212991e+02  -9.8346467e-01
   6.7849113e+02   1.3497606e+02   1.0203029e+03   3.9491227e+02  -9.9999801e-01
