   2.4276184e+02   3.1752982e+02   3.4602402e+02   3.5544479e+02  -8.2560632e-01
   9.6815500e+01   4.6086150e+02   1.8249205e+02   5.2486967e+02  -8.4707420e-01
   3.4678843e+00   4.5191613e+02   1.0601424e+02   5.3253585e+02  -8.5588357e-01
   8.0737074e+02   3.9636560e+02   8.9046499e+02   4.6277365e+02  -8.9397426e-01
   6.6212581e+02   4.8199975e+02   7.3593841e+02   5.4016753e+02  -8.9546846e-01
   8.0913800e+02   3.4062125e+02   9.1162457e+02   4.1892816e+02  -9.2851800e-01
   4.2980661e+01   4.3566988e+02   1.5614977e+02   4.8204731e+02  -9.3549152e-01
   6.2773840e+02   4.7755725e+02   6.9824138e+02   5.2989757e+02  -9.4854299e-01
   6.8312000e+02   1.3217393e+02   1.0240000e+03   4.1371295e+02  -9.8039431e-01
   1.0000000e+00   7.1265376e+02   1.0019587e+02   7.4913606e+02  -9.8936842e-01
