   8.2058681e+02   3.4714828e+02   9.1025288e+02   4.0924122e+02  -5.8289605e-01
   7.8817713e+02   6.1310596e+02   9.5533278e+02   6.7722815e+02  -7.7418074e-01
   4.3499384e+02   4.7115579e+02   5.4402267e+02   5.5893154e+02  -9.0584647e-01
   2.1260548e+01   3.8360376e+02   1.9619058e+02   5.1960365e+02  -9.1783354e-01
   8.1106594e+02   4.3943730e+02   8.9718783e+02   5.0563031e+02  -9.3898197e-01
   8.0109168e+02   1.3898495e+02   8.6972788e+02   1.8608411e+02  -9.5028076e-01
   1.0986822e+02   3.1061506e+01   2.0127183e+02   1.1382721e+02  -9.5365868e-01
   1.9976075e+02   5.4064671e+02   2.6504827e+02   5.8955852e+02  -9.5409787e-01
   4.9418639e+02   6.0207043e+02   5.9473234e+02   6.7260185e+02  -9.6876950e-01
   6.8092237e+02   1.3644362e+02   1.0208031e+03   4.0084752e+02  -9.8804015e-01
