   9.0251404e+01   4.6547792e+02   1.8745576e+02   4.9914153e+02  -5.6062434e-01
   7.0023040e+02   4.4726827e+02   8.0263735e+02   4.8496613e+02  -6.8348253e-01
   8.1172047e+02   3.3981356e+02   9.1143996e+02   4.1786026e+02  -8.3941784e-01
   8.4938008e+02   4.5657403e+02   9.1273208e+02   5.0100327e+02  -8.5538372e-01
   7.3279895e+02   4.1298720e+02   8.8939647e+02   4.7653845e+02  -8.7993300e-01
   7.5652922e+00   4.5984675e+02   1.0342157e+02   5.3460815e+02  -9.0766530e-01
   6.6092398e+02   5.2481047e+02   7.3043598e+02   5.7518558e+02  -9.5013173e-01
   2.5131031e+02   3.1380660e+02   3.4295657e+02   3.4886644e+02  -9.6155782e-01
   6.7645326e+02   1.3688472e+02   1.0219898e+03   4.0476089e+02  -9.6165428e-01
   1.5954536e+01   4.2870986e+02   1.3741243e+02   5.2472722e+02  -9.7086823e-01
   8.6623382e+02   5.3434459e+02   9.4598554e+02   6.0192478e+02  -9.7290635e-01
