   3.8130019e+01   4.8382884e+02   1.5192242e+02   5.3016749e+02  -5.6613653e-01
   7.3150717e+00   4.4564554e+02   1.5795175e+02   5.3217728e+02  -6.0537874e-01
   5.6218309e+02   4.2995410e+02   6.5088966e+02   4.9286370e+02  -7.4357101e-01
   8.1206279e+02   3.4127930e+02   9.1210192e+02   4.1680970e+02  -7.9946097e-01
   2.5131031e+02   3.1380660e+02   3.4295657e+02   3.4886644e+02  -8.4582921e-01
   8.4110925e+02   4.5178480e+02   9.0852039e+02   5.0381011e+02  -8.9193464e-01
   8.3601860e+02   4.7788914e+02   9.1618803e+02   5.4203607e+02  -8.9955006e-01
   6.8312000e+02   1.3217393e+02   1.0240000e+03   4.1371295e+02  -9.1286050e-01
   6.7183903e+02   4.8247762e+02   8.5005712e+02   6.1212788e+02  -9.2208446e-01
   8.1234187e+02   4.3285644e+02   9.1508010e+02   5.0367914e+02  -9.5413285e-01
