   8.1873377e+02   5.2815707e+02   9.4487828e+02   5.7460770e+02  -3.6075231e-01
   8.1038396e+02   5.1043860e+02   9.3931521e+02   6.1061053e+02  -6.8294421e-01
   5.6283304e+01   4.5933707e+02   1.6882350e+02   5.3756889e+02  -7.8107481e-01
   6.1138140e+02   1.1599277e+02   7.2973429e+02   1.6846013e+02  -8.0246069e-01
   4.1935360e+00   5.9135515e+02   1.5816479e+02   7.1186975e+02  -8.2423995e-01
   4.1578242e+02   3.5613074e+02   5.3598485e+02   4.0199977e+02  -8.2892025e-01
   8.0657660e+02   4.2940162e+02   9.1784055e+02   4.6748600e+02  -9.0137624e-01
   5.3533654e+00   4.3892792e+02   1.3179187e+02   4.9160699e+02  -9.3452483e-01
   9.4477572e+02   6.9351137e+02   1.0240000e+03   7.5542693e+02  -9.4489540e-01
   4.2281117e+01   3.4588811e+02   1.1500937e+02   3.9831597e+02  -9.8120240e-01
   8.1164322e+02   3.4814971e+02   8.9286802e+02   4.1361998e+02  -9.8324157e-01
   6.6940222e+02   1.2825615e+02   1.0169920e+03   3.8324705e+02  -9.9412073e-01
