   8.0760662e+02   3.3935259e+02   9.1002843e+02   4.1847819e+02  -7.2510039e-01
   1.0000000e+00   3.9151419e+02   1.4727314e+02   4.5440407e+02  -7.7295844e-01
   1.7643151e+01   4.0762043e+02   1.7424102e+02   5.2829688e+02  -7.8163051e-01
   8.5955707e+02   6.7199540e+02   9.5088745e+02   7.4334862e+02  -8.0491013e-01
   7.4078441e+02   5.1731490e+02   8.3335554e+02   5.9759457e+02  -8.0774363e-01
   7.4395847e+02   3.8603146e+02   8.3200428e+02   4.5195369e+02  -8.8179190e-01
   6.9989880e+02   4.8713994e+02   8.3530296e+02   6.0397837e+02  -9.1346562e-01
   7.7080756e+02   6.8941367e+02   9.9903812e+02   7.6800000e+02  -9.1599121e-01
   2.4038564e+02   3.1240234e+02   3.4958091e+02   3.5326324e+02  -9.1641405e-01
   4.2666659e+02   5.9274390e+02   5.3391770e+02   6.2765435e+02  -9.4910898e-01
   4.2773337e+01   3.4729743e+02   1.1613540e+02   4.0079090e+02  -9.6463253e-01
   6.7181484e+02   1.3110007e+02   1.0188087e+03   3.9041110e+02  -9.8760804e-01
   1.2339621e+02   1.7793248e+02   2.0291329e+02   2.1306358e+02  -9.9726596e-01
