   8.7749592e+02   5.1279515e+02   9.8167665e+02   5.9802028e+02  -6.1064657e-01
   8.3327555e+02   5.0184010e+02   1.0240000e+03   5.7976792e+02  -7.3161158e-01
   1.0000000e+00   4.3577258e+02   1.5877766e+02   5.0475610e+02  -7.6952481e-01
   3.4026907e+01   4.8717818e+02   1.3832359e+02   5.3060796e+02  -7.7346558e-01
   1.0961380e+00   3.9162135e+02   1.5079440e+02   4.5398508e+02  -7.8658121e-01
   1.2506567e+02   6.0384251e+02   2.9453446e+02   7.3457530e+02  -7.9019063e-01
   1.8799537e+02   4.8001405e+02   2.7943225e+02   5.4691761e+02  -7.9154948e-01
   7.9388503e+00   3.9997367e+02   1.6758337e+02   5.3909711e+02  -8.3698282e-01
   8.9629812e+02   4.5575527e+02   1.0240000e+03   4.9578712e+02  -9.0663875e-01
   3.5806707e+02   5.7440182e+02   4.3166278e+02   6.3822491e+02  -9.5497438e-01
   8.6570494e+02   5.3447236e+02   9.8829011e+02   6.4394316e+02  -9.6150333e-01
   6.8092237e+02   1.3644362e+02   1.0208031e+03   4.0084752e+02  -9.8269690e-01
   3.2629445e+00   6.9772172e+02   1.1931012e+02   7.4504544e+02  -9.9670466e-01
