   4.0261658e+01   4.8811631e+02   1.4122634e+02   5.2933102e+02  -6.8292257e-01
   8.1016227e+02   3.4057873e+02   9.1449765e+02   4.1593010e+02  -7.4482373e-01
   1.0000000e+00   6.9525433e+02   7.9069470e+01   7.4831419e+02  -9.0784865e-01
   2.5135026e+02   3.1355598e+02   3.4429496e+02   3.5012470e+02  -9.5837836e-01
   8.3691642e+02   5.1521915e+02   9.4581520e+02   5.5377868e+02  -9.6587535e-01
   2.5532265e+02   6.9323513e+02   3.5315841e+02   7.6593857e+02  -9.7255402e-01
   8.0870094e+02   1.0433697e+02   8.8236832e+02   1.5924887e+02  -9.7840052e-01
   2.2553439e+01   3.8512778e+02   1.9716411e+02   5.2344277e+02  -9.7895218e-01
   7.6346945e+02   1.4668169e+02   1.0224640e+03   3.5231176e+02  -9.9529777e-01
   3.7252990e+02   5.0397982e+02   4.6994400e+02   5.3992420e+02  -9.9982331e-01
