   1.2042137e+01   4.5046184e+02   1.6824234e+02   5.2516393e+02  -5.4245958e-01
   9.1679947e+02   5.2712557e+02   1.0055484e+03   5.8936794e+02  -6.2604876e-01
   1.1177211e+01   4.7096099e+02   2.3561650e+02   6.5651908e+02  -7.6910212e-01
   1.8622414e+02   5.8664216e+02   3.5267230e+02   7.1429227e+02  -8.8059961e-01
   9.2878105e+02   5.5614669e+02   1.0139333e+03   6.1745046e+02  -8.8102983e-01
   8.0997644e+02   3.4630999e+02   9.0121320e+02   4.1071599e+02  -9.0354545e-01
   9.1038611e+02   5.3416672e+02   1.0240000e+03   6.2839283e+02  -9.3429702e-01
   9.2231590e+02   2.9553898e+02   1.0225114e+03   3.7977298e+02  -9.4494696e-01
   3.2374765e+02   5.7604273e+02   4.7899904e+02   6.3402636e+02  -9.5396554e-01
   4.1964050e+01   3.4456957e+02   1.2464923e+02   4.0460346e+02  -9.5810157e-01
   9.4563452e+02   5.0552805e+02   1.0240000e+03   5.5732931e+02  -9.7081090e-01
   6.3311462e+02   1.8113546e+02   7.2397645e+02   2.5504148e+02  -9.8900371e-01
