   8.2804062e+02   3.4841813e+02   9.1357574e+02   4.1179252e+02  -7.6329644e-01
   7.2207372e+02   4.3799167e+02   8.2606937e+02   4.7575416e+02  -8.4350523e-01
   5.6197173e+02   4.2928852e+02   6.3500927e+02   4.8516405e+02  -8.9200418e-01
   9.9488165e+00   4.4590888e+02   1.6299646e+02   5.3130295e+02  -9.3378809e-01
   7.4607135e+02   5.9093080e+02   8.2076357e+02   6.3910176e+02  -9.4544405e-01
   4.7236255e+01   3.4724958e+02   1.1388102e+02   4.0142012e+02  -9.4573450e-01
   4.1079823e+02   4.6313542e+02   4.8063469e+02   5.1522060e+02  -9.5959873e-01
   8.3515622e+02   4.7998507e+02   9.0751296e+02   5.4255169e+02  -9.7044112e-01
   1.6052825e+02   2.8838997e+02   2.2990471e+02   3.4913212e+02  -9.8320132e-01
   7.7562389e+02   5.0875795e+02   8.6040493e+02   5.7125555e+02  -9.8849110e-01
