   1.5504611e+01   4.7508534e+02   1.7043957e+02   5.2781581e+02  -6.3834225e-01
   8.1275018e+02   3.3931824e+02   9.1117143e+02   4.1775391e+02  -6.7924334e-01
   2.5147787e+02   3.1279175e+02   3.4292686e+02   3.5009340e+02  -7.3261007e-01
   8.0883309e+02   4.4777177e+02   8.7270447e+02   5.0300190e+02  -8.3864162e-01
   5.3567196e+02   4.3433385e+02   6.5747125e+02   4.8096215e+02  -8.9162904e-01
   6.7077423e+02   4.8521237e+02   7.5145402e+02   5.4845023e+02  -8.9555779e-01
   3.4067135e+02   5.0965810e+02   4.2817560e+02   5.7561209e+02  -9.0227714e-01
   5.3865830e+02   6.1450423e+02   7.8468885e+02   7.1807423e+02  -9.0438790e-01
   8.1466279e+02   3.9616005e+02   9.1159675e+02   4.7145256e+02  -9.2067884e-01
   5.8189830e+01   4.3635466e+02   1.2333408e+02   4.8527788e+02  -9.3566639e-01
   6.8092237e+02   1.3644362e+02   1.0208031e+03   4.0084752e+02  -9.6169963e-01
   1.0986822e+02   3.1061506e+01   2.0127183e+02   1.1382721e+02  -9.6771231e-01
   5.9917267e+00   4.0374791e+02   1.5199498e+02   5.3616461e+02  -9.7001877e-01
