   1.8356744e+01   4.0600701e+02   1.7730716e+02   5.3249608e+02  -8.2180636e-01
   3.4221082e+02   5.2208701e+02   4.6656114e+02   5.6703870e+02  -8.6001806e-01
   4.1674316e+02   5.9297253e+02   5.2716036e+02   6.2722673e+02  -8.6394494e-01
   2.5833163e+02   5.4920607e+02   3.5331580e+02   6.1764451e+02  -8.6954166e-01
   8.1929945e+02   3.9615702e+02   9.2746578e+02   4.7670018e+02  -8.8224636e-01
   6.4062123e+02   5.0833559e+02   8.6822508e+02   6.7078317e+02  -8.9772760e-01
   5.2474755e+02   4.1663680e+02   9.1961783e+02   5.8106731e+02  -9.3224192e-01
   7.5259397e+02   3.7639985e+02   1.0240000e+03   5.9453258e+02  -9.4583958e-01
   6.9386269e+01   5.7994739e+02   1.4263697e+02   6.3429252e+02  -9.9789703e-01
   7.2132530e+02   3.0353295e+02   8.2600448e+02   3.4669778e+02  -9.9942180e-01
