   2.4690135e+02   3.1714434e+02   3.4494308e+02   3.5569615e+02  -6.6140856e-01
   5.3220088e+01   4.8779401e+02   1.5940349e+02   5.3098457e+02  -7.3702729e-01
   7.8878939e+02   6.1063175e+02   9.6329289e+02   6.7759386e+02  -7.5234902e-01
   6.8092237e+02   1.3644362e+02   1.0208031e+03   4.0084752e+02  -8.7954157e-01
   4.2973312e+02   4.7566327e+02   5.3441774e+02   5.6207751e+02  -9.2187201e-01
   7.1254808e+02   4.4014401e+02   8.2451646e+02   4.8224441e+02  -9.2394205e-01
   8.9836532e+02   3.9700082e+02   9.9573880e+02   4.6660963e+02  -9.3565637e-01
   5.8916319e+02   5.7943949e+02   6.9726511e+02   6.5232894e+02  -9.7497618e-01
   1.9831762e+02   5.3384692e+02   2.6547583e+02   5.8996744e+02  -9.8336814e-01
   5.8837598e+00   4.5282135e+02   1.7178729e+02   5.2423280e+02  -9.8792552e-01
   1.1531561e+02   1.6484151e+02   2.1258760e+02   2.1298765e+02  -9.9135633e-01
