   2.4362654e+02   5.5170416e+02   5.2407896e+02   7.6800000e+02  -8.2022594e-01
   9.5949214e+02   5.3925988e+02   1.0240000e+03   5.8871231e+02  -8.6620941e-01
   7.3445824e+02   5.4035238e+02   8.4568538e+02   6.3259930e+02  -9.1003676e-01
   2.5651855e+00   3.9165544e+02   1.4357545e+02   4.4851585e+02  -9.2219053e-01
   2.5026153e+02   3.5032102e+02   3.5359361e+02   3.9299112e+02  -9.2261482e-01
   9.1836704e+02   4.9590709e+02   1.0240000e+03   5.3578764e+02  -9.5259997e-01
   6.8092237e+02   1.3644362e+02   1.0208031e+03   4.0084752e+02  -9.5578600e-01
   1.0071431e+01   4.5179506e+02   1.1559391e+02   5.3220619e+02  -9.7165031e-01
   1.1317019e+02   2.1448847e+01   1.7606133e+02   7.3510180e+01  -9.7458309e-01
   1.1199951e+02   2.6505287e+01   2.0862986e+02   1.0830549e+02  -9.7618514e-01
   2.1085643e+02   4.5978996e+02   6.1401578e+02   7.6800000e+02  -9.9220328e-01
