   3.8148546e+02   5.3867564e+02   4.7935888e+02   5.7094251e+02  -4.2304931e-01
   2.8551862e+01   4.5469554e+02   1.3534885e+02   5.3923487e+02  -6.8155982e-01
   8.3896233e+00   4.0666967e+02   1.4377811e+02   5.2830381e+02  -7.3965042e-01
   1.1203029e+02   5.0291942e+02   2.7212534e+02   6.3726224e+02  -9.2301721e-01
   3.5386889e+02   5.1974488e+02   4.2278417e+02   5.7166069e+02  -9.3721160e-01
   6.5027943e+02   4.1951395e+02   1.0229916e+03   7.1997081e+02  -9.3743167e-01
   9.0988268e+02   3.9017560e+02   9.7685988e+02   4.4087019e+02  -9.4116519e-01
   2.3496422e+00   6.9928455e+02   7.5089350e+01   7.5423709e+02  -9.7636390e-01
   5.9917133e+02   2.9675029e+02   6.6466868e+02   3.4345444e+02  -9.7789501e-01
   3.9029338e+02   5.4050360e+02   5.1386200e+02   5.8668122e+02  -9.7804385e-01
   9.1294784e+01   7.2169069e+02   1.9583195e+02   7.5866923e+02  -9.7999817e-01
   7.6564801e+02   7.8671041e+01   8.6636817e+02   1.5856090e+02  -9.9150159e-01
