   5.5535794e+00   4.5116830e+02   1.6645328e+02   5.2502274e+02  -6.8329706e-01
   2.4276184e+02   3.1752982e+02   3.4602402e+02   3.5544479e+02  -8.3567330e-01
   6.8092237e+02   1.3644362e+02   1.0208031e+03   4.0084752e+02  -8.8708790e-01
   3.7447409e+02   4.8207561e+02   4.7788613e+02   5.1648175e+02  -9.0070979e-01
   1.1124152e+02   2.3421340e+01   1.7615468e+02   7.8817144e+01  -9.1313668e-01
   8.1297382e+02   4.2683248e+02   9.1489635e+02   4.6034800e+02  -9.2796918e-01
   8.9133248e+01   2.8233435e+02   1.5587317e+02   3.3551046e+02  -9.6431178e-01
   6.8423448e+02   4.6437680e+02   7.9122620e+02   5.0035481e+02  -9.8633516e-01
   8.0583058e+02   3.9908101e+02   8.8451485e+02   4.6132638e+02  -9.9406335e-01
   1.6264694e+02   3.1486482e+02   2.6865530e+02   3.6087973e+02  -9.9455735e-01
   9.1621135e+02   5.0022724e+02   1.0240000e+03   5.8393909e+02  -9.9839561e-01
