   9.9707379e+00   4.4539853e+02   1.7689595e+02   5.3596059e+02  -5.5668812e-01
   7.9681009e+02   6.0311404e+02   9.4285366e+02   7.1206465e+02  -7.8437547e-01
   9.1991598e+02   4.0338629e+02   9.9345220e+02   4.5894449e+02  -8.2300297e-01
   8.1128908e+02   3.4123786e+02   9.1187094e+02   4.1711403e+02  -8.7598557e-01
   7.3434529e+02   5.1343697e+02   8.2663942e+02   5.8794353e+02  -8.9935086e-01
   8.2216200e+02   4.7305394e+02   9.4204400e+02   5.6487624e+02  -9.3901323e-01
   9.2681156e+02   3.6201657e+02   1.0202400e+03   4.3059782e+02  -9.4504706e-01
   7.1654194e+02   4.8432545e+02   7.9880263e+02   5.3801302e+02  -9.4806077e-01
   6.9855464e+02   4.9558636e+02   8.3968001e+02   6.0645197e+02  -9.5585074e-01
   6.8541010e+02   1.3462615e+02   1.0182999e+03   3.9570535e+02  -9.7683458e-01
