   1.3251344e+01   4.6295848e+02   1.6604642e+02   5.2633692e+02  -6.1260378e-01
   8.1041036e+02   3.4680813e+02   8.9662206e+02   4.1535992e+02  -6.5985981e-01
   4.2828434e+02   5.9240991e+02   5.3099704e+02   6.2937147e+02  -6.8371431e-01
   8.5412697e+02   4.7367392e+02   9.3625749e+02   5.3697287e+02  -8.5970107e-01
   2.2718776e+02   2.5550731e+02   3.5624486e+02   3.1357198e+02  -9.4005861e-01
   2.4233683e+02   3.1560850e+02   3.4941015e+02   3.5310075e+02  -9.4652663e-01
   1.2285016e+00   6.0254765e+02   8.2693860e+01   6.5766644e+02  -9.5807731e-01
   9.6728717e+01   3.2058161e+02   1.6789553e+02   3.7762321e+02  -9.7730420e-01
   5.6893035e+02   3.9694073e+02   6.2847691e+02   4.4503746e+02  -9.7797240e-01
   8.8261767e+02   2.9542743e+02   9.5492532e+02   3.4995172e+02  -9.8297436e-01
   9.3484518e+02   4.5540305e+02   1.0038048e+03   5.0229029e+02  -9.8696768e-01
   1.2706178e+02   3.3750254e+02   2.1855166e+02   4.1248865e+02  -9.9260358e-01
   7.6276453e+02   1.6484788e+02   1.0201420e+03   3.9807823e+02  -9.9588952e-01
