   1.0286150e+01   4.4564101e+02   1.6486935e+02   5.3172773e+02  -6.6042906e-01
   8.1338200e+02   4.5776154e+02   8.9135563e+02   5.1370050e+02  -7.4494745e-01
   1.6795742e+02   5.5252581e+02   2.7319324e+02   6.3988475e+02  -8.2673290e-01
   8.2574747e+02   3.4641619e+02   9.0838496e+02   4.1055594e+02  -8.7811997e-01
   8.2539349e+02   3.8883207e+02   9.1939600e+02   4.4865408e+02  -8.8934506e-01
   7.3991989e+02   1.4699381e+02   1.0240000e+03   3.7715984e+02  -9.4007507e-01
   7.2357745e+02   5.0168942e+02   9.5217150e+02   6.7038806e+02  -9.5054563e-01
   7.0489858e+02   5.9782279e+02   1.0177637e+03   7.4124448e+02  -9.5071428e-01
   2.1260548e+01   3.8360376e+02   1.9619058e+02   5.1960365e+02  -9.6392544e-01
   2.7774334e+02   5.5456984e+02   3.5205083e+02   6.1370157e+02  -9.6883996e-01
   6.6866360e+02   4.8702029e+02   7.5045651e+02   5.5083094e+02  -9.9393149e-01
   4.4958918e+02   3.5964951e+02   5.2175983e+02   4.1258109e+02  -9.9635157e-01
