   8.2126974e+02   3.4644608e+02   9.0738992e+02   4.1118646e+02  -7.3952840e-01
   2.7042155e+00   4.8476834e+02   1.2151713e+02   5.6676920e+02  -7.4374027e-01
   8.6157084e+02   5.1717597e+02   9.5087864e+02   5.8483558e+02  -8.8800311e-01
   9.5605024e+01   4.8468171e+02   1.6921381e+02   5.3627009e+02  -9.1025572e-01
   4.1933881e+01   3.4515340e+02   1.2211127e+02   4.0276302e+02  -9.1935223e-01
   4.6019081e+00   4.0228136e+02   1.8390409e+02   5.3798708e+02  -9.4254932e-01
   8.6995171e+02   2.1652343e+02   9.4040107e+02   2.6798543e+02  -9.8510094e-01
   7.3985430e+02   1.4368479e+02   1.0240000e+03   3.6867547e+02  -9.8639519e-01
   8.5134602e+02   4.7560893e+02   9.3626438e+02   5.3705345e+02  -9.8699162e-01
   1.0000000e+00   6.9963745e+02   1.2388834e+02   7.4183596e+02  -9.9287871e-01
