   3.9172458e+01   4.3688960e+02   1.4599169e+02   5.3876992e+02  -7.9381962e-01
   7.1468786e+02   4.2558230e+02   1.0240000e+03   6.2827336e+02  -8.1621708e-01
   2.7472609e+00   3.9191659e+02   1.4069851e+02   4.4854963e+02  -8.4202879e-01
   2.2243653e+02   6.0322403e+02   3.5101171e+02   6.4784926e+02  -8.5243784e-01
   1.0176451e+01   3.9835842e+02   1.8092299e+02   5.2295975e+02  -8.6073789e-01
   3.9068420e+02   5.4062368e+02   4.9987411e+02   5.7657748e+02  -9.1661635e-01
   4.3999620e+02   3.5841869e+02   5.2843283e+02   3.9623892e+02  -9.6560312e-01
   1.5769236e+00   7.0322325e+02   1.3004518e+02   7.5568343e+02  -9.6616924e-01
   2.5965774e+02   3.4628781e+02   3.2978332e+02   4.0657950e+02  -9.8540046e-01
   8.9681898e+02   6.1366366e+02   1.0145036e+03   7.0037002e+02  -9.9052963e-01
