   1.3057148e+02   4.4283687e+02   6.4538908e+02   6.8236960e+02   6.1655494e-01
   1.7240104e+02   4.4476423e+02   8.5990123e+02   7.6800000e+02  -5.4589329e-01
   3.8754804e+01   6.2879237e+02   1.6956380e+02   6.8985304e+02  -7.7950256e-01
   1.0000000e+00   5.4619920e+02   7.8088261e+01   6.0463121e+02  -7.9514610e-01
   4.1545561e+02   2.9736595e+02   1.0240000e+03   5.9915955e+02  -8.3627989e-01
   1.0000000e+00   4.4252514e+02   5.8125250e+01   4.9338814e+02  -8.4092559e-01
   6.0927975e+01   4.8811921e+02   1.5534589e+02   5.2972453e+02  -8.4213410e-01
   4.4294175e+00   4.9720795e+02   1.9848398e+02   5.8627286e+02  -9.0025011e-01
   6.8312000e+02   1.3217393e+02   1.0240000e+03   4.1371295e+02  -9.1307754e-01
   3.1289746e+01   5.4451559e+02   2.3416601e+02   6.9980582e+02  -9.4833020e-01
   1.3956613e+02   3.4005911e+02   2.1449008e+02   3.9660338e+02  -9.5658771e-01
   1.0984863e+02   2.6015883e+01   1.7660948e+02   7.8966495e+01  -9.9429167e-01
   7.1679715e+01   4.5593252e+02   1.8151017e+02   5.3362146e+02  -9.9622434e-01
