   4.3776110e+02   3.5925290e+02   5.3314984e+02   3.9932828e+02  -7.9949833e-01
   7.9645754e+00   4.6327236e+02   1.6905615e+02   5.4269909e+02  -8.4045805e-01
   1.0000000e+00   4.1855615e+02   2.3891129e+02   5.3839357e+02  -8.5429088e-01
   8.0898399e+02   3.3992775e+02   9.1004381e+02   4.1696840e+02  -8.6316777e-01
   8.5390929e+02   6.3458579e+02   9.3356792e+02   6.9540422e+02  -8.9082154e-01
   7.5810448e+02   5.2887863e+02   8.4997406e+02   5.8942516e+02  -9.0873543e-01
   8.1993172e+02   6.3064684e+02   9.4274481e+02   7.3465305e+02  -9.3618826e-01
   5.6550474e+02   4.5663079e+02   6.4243617e+02   5.1414497e+02  -9.5879625e-01
   3.9464172e+02   5.4482443e+02   5.1039646e+02   5.8485770e+02  -9.6065973e-01
   5.7097894e+02   3.9684734e+02   6.3344163e+02   4.5119537e+02  -9.7537175e-01
   6.9973499e+02   4.9290787e+02   8.3825996e+02   6.1000696e+02  -9.7964059e-01
   1.1314490e+02   2.0164332e+01   1.7581109e+02   7.1061114e+01  -9.8210101e-01
