   1.1621040e+01   4.4601336e+02   1.6470106e+02   5.3130878e+02  -7.1950615e-01
   8.1052072e+02   3.4080116e+02   9.1126190e+02   4.1706549e+02  -7.4459926e-01
   3.8992423e+02   4.7328767e+02   5.0385655e+02   5.6473645e+02  -7.5144305e-01
   9.3449336e+02   4.5400882e+02   1.0013301e+03   5.0229805e+02  -8.5381072e-01
   3.6626348e+02   6.2862025e+02   4.7909366e+02   6.6234612e+02  -8.9319783e-01
   2.3246316e+02   3.0709816e+02   3.4942378e+02   3.5285703e+02  -9.0669259e-01
   1.9859016e+02   5.4113836e+02   2.6475155e+02   5.9043450e+02  -9.4497321e-01
   6.7645326e+02   1.3688472e+02   1.0219898e+03   4.0476089e+02  -9.5573149e-01
   4.3024906e+01   3.4430798e+02   1.2279895e+02   4.0331365e+02  -9.7364899e-01
   9.3156365e+02   4.5712837e+02   1.0225980e+03   5.2762583e+02  -9.7924110e-01
