   8.7062294e+02   3.9230766e+02   9.6867929e+02   4.2660738e+02  -6.0355130e-01
   9.5456293e+00   3.9973811e+02   1.8123310e+02   5.3628891e+02  -7.2759845e-01
   9.2866825e+02   4.5508572e+02   1.0240000e+03   4.8996202e+02  -7.8770877e-01
   2.3276925e+02   3.1488739e+02   3.3822425e+02   3.5365292e+02  -7.9075119e-01
   8.1067383e+02   3.4799047e+02   8.9213080e+02   4.1056494e+02  -7.9610870e-01
   7.4664605e+02   5.0413874e+02   8.6681961e+02   5.9859266e+02  -8.0517023e-01
   7.4158678e+02   4.7218548e+02   9.2029996e+02   6.2334772e+02  -9.0862132e-01
   5.3045117e+02   5.2666982e+02   7.3291548e+02   6.8497138e+02  -9.1162967e-01
   6.7183346e+02   1.2972371e+02   1.0174922e+03   3.8918230e+02  -9.1462375e-01
   1.2272357e+02   1.7782621e+02   2.0243633e+02   2.1337794e+02  -9.4359632e-01
   1.7165944e+00   6.1337478e+02   1.2221250e+02   6.9607734e+02  -9.9176819e-01
