   8.9996702e+02   4.7978679e+02   1.0017409e+03   5.1413159e+02  -3.7903230e-01
   1.0000000e+00   4.7885390e+02   1.4327656e+02   6.0402115e+02  -6.6236952e-01
   2.1015148e+02   5.0510430e+02   3.0803922e+02   5.3722946e+02  -6.9483957e-01
   6.9406154e+02   5.4225756e+02   1.0220719e+03   6.9817329e+02  -7.3953536e-01
   5.1773755e+02   4.5529516e+02   6.2046257e+02   4.9131443e+02  -7.8006359e-01
   1.6486939e+00   3.8094815e+02   6.7532160e+01   4.2905679e+02  -7.8235157e-01
   4.9923272e+02   2.7276110e+02   5.9090027e+02   3.1108562e+02  -7.9549764e-01
   4.6682191e+00   2.2251017e+02   1.0327385e+02   2.7497544e+02  -8.5692983e-01
   3.1774280e+02   4.1484851e+02   4.0743223e+02   4.8410151e+02  -9.1325934e-01
   7.9742302e+02   4.5522539e+02   8.6316838e+02   5.0223489e+02  -9.4899747e-01
   2.9452494e+02   5.2103340e+02   5.1431982e+02   6.9543022e+02  -9.5072039e-01
   5.0050806e+02   7.0330108e+02   6.4912750e+02   7.5992360e+02  -9.5952158e-01
