   2.6544033e+01   5.6001781e+02   1.3334263e+02   6.0139833e+02  -6.9450649e-01
   1.0000000e+00   4.4096557e+02   1.8379847e+02   6.0973346e+02  -7.3162298e-01
   5.7654002e+02   6.9026641e+02   7.0312241e+02   7.3033556e+02  -7.4193712e-01
   4.6305105e+02   5.3557589e+02   6.7471622e+02   6.1878090e+02  -8.3704476e-01
   2.0919645e+02   7.2330129e+02   3.0937309e+02   7.5290504e+02  -8.5185783e-01
   6.0199789e+02   5.9303828e+02   6.7111664e+02   6.5171621e+02  -8.5210509e-01
   1.7755897e+00   3.3752923e+02   7.5217028e+01   3.9180769e+02  -8.6399404e-01
   7.2919551e+02   4.0665634e+02   8.5028219e+02   4.4713505e+02  -8.8235357e-01
   7.9156483e+02   5.5067388e+01   1.0136309e+03   2.0613887e+02  -8.9621477e-01
   6.7158379e+02   6.0535869e+02   7.4838003e+02   6.5559470e+02  -9.1586514e-01
   6.7523846e+02   6.4100503e+02   7.6319985e+02   7.0310356e+02  -9.3914540e-01
   3.5402918e+02   5.2633067e+02   4.5534623e+02   6.0800903e+02  -9.4252688e-01
   3.8041609e+02   2.1559170e+02   4.5047163e+02   2.7527178e+02  -9.4909839e-01
   1.2927024e+02   6.2652821e+02   1.9553881e+02   6.7451111e+02  -9.5435567e-01
   3.2103463e+02   5.9113114e+02   3.9640941e+02   6.4883298e+02  -9.8378080e-01
   1.7232727e+02   2.1399900e+02   2.6274014e+02   2.8495089e+02  -9.8428357e-01
   3.6968317e+02   3.7517451e+02   4.5340801e+02   4.4146833e+02  -9.9004202e-01
