   5.6755076e+00   4.8521367e+02   1.1865027e+02   5.7051431e+02  -3.3138866e-02
   5.5824243e+02   4.8514581e+02   6.2395860e+02   5.3453248e+02  -4.5412825e-01
   6.4745052e+02   6.4333838e+02   7.1557590e+02   6.9213018e+02  -7.1664255e-01
   1.0000000e+00   5.6265997e+02   1.1031518e+02   6.0800206e+02  -8.3724093e-01
   2.1602479e+00   3.3172854e+02   6.6515824e+01   3.8336068e+02  -8.4036431e-01
   4.2103811e+00   2.3376076e+01   1.0589897e+02   1.1079107e+02  -8.7002260e-01
   7.0366053e+02   6.2165516e+02   8.1299117e+02   6.9966723e+02  -8.9053994e-01
   7.5041367e+02   3.7323312e+02   8.7337107e+02   4.2455906e+02  -8.9694525e-01
   1.3672516e+02   2.3572748e+02   2.0550941e+02   2.8827892e+02  -9.2914266e-01
   5.8432260e+02   6.5958601e+02   6.5211659e+02   7.0598704e+02  -9.5904141e-01
   2.7595303e+02   3.7478668e+02   3.4205149e+02   4.2566192e+02  -9.7863608e-01
