   3.0969874e+00   4.7047037e+02   1.2042109e+02   5.6008691e+02  -4.8572065e-01
   1.0000000e+00   5.4788751e+02   1.2907582e+02   5.9941042e+02  -7.6201433e-01
   1.1696271e+02   3.0659191e+02   2.0676804e+02   3.4282023e+02  -8.0225372e-01
   8.0143844e+02   5.1101121e+02   9.6061067e+02   5.6362371e+02  -8.0241333e-01
   4.5683510e+02   5.4619210e+02   5.2902993e+02   5.9761902e+02  -8.2054016e-01
   5.9959816e+02   5.2786497e+02   6.9588858e+02   5.9523352e+02  -8.7679336e-01
   2.7927435e+02   4.2169903e+02   3.4343223e+02   4.7252409e+02  -9.3057092e-01
   4.2672140e+00   5.2295655e+02   1.6890198e+02   5.9101380e+02  -9.3452898e-01
   8.6224075e+02   2.3512593e+02   1.0123479e+03   3.5232984e+02  -9.5444042e-01
   2.4739091e+00   1.0000000e+00   1.0452998e+02   8.4504069e+01  -9.7696879e-01
