   1.0992429e+00   4.5844433e+02   1.1252117e+02   5.5123932e+02  -2.6351826e-01
   7.9575398e+02   4.7003715e+02   8.9100568e+02   5.4434395e+02  -3.7526409e-01
   2.2602400e+00   3.6273349e+02   1.4395768e+02   4.2900555e+02  -7.1969926e-01
   9.2984807e+02   4.2980567e+02   1.0240000e+03   4.9670589e+02  -8.4627652e-01
   7.0769210e+02   6.2226772e+02   8.2214500e+02   7.0567141e+02  -8.7065330e-01
   7.7001013e+02   4.3890317e+02   8.9737470e+02   5.2262075e+02  -8.7448869e-01
   5.9162497e+02   4.2332158e+02   7.1487874e+02   4.7170868e+02  -8.8476588e-01
   4.5055053e+02   6.0032935e+02   5.4600574e+02   6.6324535e+02  -9.0471055e-01
   2.5392719e+02   1.0107504e+02   3.4665496e+02   1.6944928e+02  -9.2372719e-01
   3.2047301e+02   2.5327196e+02   3.8673612e+02   3.0467610e+02  -9.3710458e-01
   8.2281426e+02   3.4009282e+02   9.7082925e+02   3.9592678e+02  -9.8333979e-01
   8.8429594e+02   1.4580551e+02   1.0193135e+03   2.6326094e+02  -9.9674379e-01
