   1.0000000e+00   4.7407157e+02   1.6056916e+02   6.1337710e+02  -5.7145287e-01
   1.0000000e+00   2.0604661e+02   1.3055432e+02   2.6692302e+02  -7.0903738e-01
   3.7120035e+02   5.6044389e+02   5.4848667e+02   6.3844192e+02  -7.2712523e-01
   2.4737708e+02   9.8958954e+00   3.3425374e+02   5.0788730e+01  -7.5544730e-01
   1.8312607e+00   3.7586370e+02   8.8639674e+01   4.1625000e+02  -8.0832690e-01
   3.0804794e+02   5.4993007e+02   3.9461892e+02   6.1948755e+02  -8.5086343e-01
   1.0000000e+00   7.0593157e+02   1.0423124e+02   7.3885691e+02  -8.5265416e-01
   5.0682902e+02   6.8788934e+02   6.1411729e+02   7.2823365e+02  -8.5643750e-01
   5.1918869e+02   6.1155585e+02   5.9919892e+02   6.6901318e+02  -8.6539873e-01
   3.7269311e+02   6.9307634e+02   4.9276143e+02   7.2777637e+02  -8.8410640e-01
   7.3189557e+02   1.9752176e+02   8.3022451e+02   2.3806960e+02  -9.0072788e-01
   3.1397698e+02   4.9361506e+02   6.8760752e+02   7.6800000e+02  -9.3211905e-01
   3.4764170e+02   4.0924642e+02   4.3434914e+02   4.7389405e+02  -9.6495118e-01
   1.7492365e+02   6.8057179e+02   2.4451851e+02   7.3194288e+02  -9.6946696e-01
