   3.1833529e+00   4.7419123e+02   1.2177672e+02   5.6228791e+02   3.9153696e-01
   1.0000000e+00   5.4372480e+02   1.4397070e+02   6.0537125e+02  -6.7831881e-01
   9.1956330e+01   5.2434422e+02   1.9094818e+02   5.6685339e+02  -7.7773162e-01
   9.4324713e+02   3.4848466e+02   1.0240000e+03   4.0268138e+02  -8.1863992e-01
   5.3330823e+02   5.8550182e+02   6.4506464e+02   6.1733951e+02  -8.2493529e-01
   8.9452155e+02   2.3720934e+02   1.0175705e+03   3.2850393e+02  -8.7497652e-01
   7.9674931e+02   2.5616588e+02   8.9834285e+02   2.9222394e+02  -9.0746282e-01
   9.1895611e+02   4.9356730e+02   1.0240000e+03   5.6813975e+02  -9.1319488e-01
   6.9862278e+02   6.5882178e+00   8.1171346e+02   9.0279029e+01  -9.3289744e-01
   2.7194036e+02   4.2397649e+02   3.4221209e+02   4.8096817e+02  -9.3906399e-01
   9.1716126e+00   1.1857952e+00   6.3376607e+01   4.8811972e+01  -9.6618584e-01
   2.1515358e+00   3.1853620e+01   6.6451606e+01   8.8848578e+01  -9.8120082e-01
