   2.0117694e+02   5.8863798e+02   5.0161595e+02   7.1869399e+02  -7.8235442e-01
   7.8725982e+02   2.4794863e+02   8.8176778e+02   2.8340819e+02  -8.0918534e-01
   1.2256147e+02   2.9939589e+00   2.0018796e+02   3.9506267e+01  -8.2006333e-01
   1.0000000e+00   6.0280563e+02   1.0026319e+02   6.3880622e+02  -8.4277786e-01
   4.0302802e+02   4.6709319e+02   4.6867687e+02   5.2121970e+02  -8.4413897e-01
   4.8368988e+01   4.6858770e+02   2.7880076e+02   5.6471663e+02  -8.5042114e-01
   9.0280156e+02   3.9217123e+02   1.0240000e+03   4.4030286e+02  -9.1202882e-01
   2.3426422e+01   4.2606227e+02   5.1537421e+02   6.9981754e+02  -9.2053687e-01
   2.4507657e+02   3.6853695e+02   3.4520002e+02   4.1019880e+02  -9.5804366e-01
   8.5801191e+02   1.4414492e+02   1.0240000e+03   2.8211010e+02  -9.9892355e-01
