   2.6879833e+00   4.5964229e+02   1.3038355e+02   5.6593034e+02  -1.7312500e-01
   7.7435049e+02   4.1428207e+02   8.9699073e+02   4.5854086e+02  -7.0460636e-01
   3.1102282e+02   4.9750872e+02   4.2176541e+02   5.8265277e+02  -8.4073420e-01
   2.4279732e+02   3.6538754e+02   3.4688156e+02   4.1076779e+02  -8.5065401e-01
   8.0464173e+02   5.9539051e+02   8.8853331e+02   6.5644961e+02  -9.0093084e-01
   1.0000000e+00   5.4999225e+02   1.3849510e+02   6.0454440e+02  -9.1566805e-01
   4.5440654e+02   5.4584566e+02   5.2909670e+02   5.9969646e+02  -9.3786736e-01
   3.2447041e+00   2.3057972e+01   1.1232005e+02   1.1536468e+02  -9.4971680e-01
   9.1258007e+02   2.4564187e+02   1.0229841e+03   3.0391406e+02  -9.5550443e-01
   5.9986206e+02   5.2848075e+02   6.9536650e+02   5.9513983e+02  -9.9371794e-01
