   3.4051854e+00   4.5920255e+02   1.2275902e+02   5.5780716e+02   4.9808549e-01
   2.2504749e+02   1.7853348e+02   2.9363366e+02   2.2962682e+02  -8.2674060e-01
   2.2756294e+02   7.0286200e+02   3.7545990e+02   7.6329417e+02  -8.4873736e-01
   2.6673166e+02   4.1733112e+02   3.4203408e+02   4.7463578e+02  -8.6694877e-01
   1.0000000e+00   5.3629794e+02   1.4516321e+02   5.9030002e+02  -9.0623454e-01
   7.9748505e+02   5.7031218e+02   9.0701964e+02   6.0059463e+02  -9.1686208e-01
   9.7672965e+01   5.0741428e+02   1.6091632e+02   5.5821489e+02  -9.4701628e-01
   5.5063221e+02   5.1019128e+02   6.1566920e+02   5.6008131e+02  -9.5381730e-01
   9.0456631e+02   2.4866740e+02   1.0232711e+03   2.9035651e+02  -9.8198207e-01
   8.5801191e+02   1.4414492e+02   1.0240000e+03   2.8211010e+02  -9.8316085e-01
