   5.1745740e+00   4.7236320e+02   1.2035222e+02   5.5558534e+02   2.1480844e-01
   1.0000000e+00   4.7517440e+02   1.8529354e+02   5.7325795e+02  -6.4303475e-01
   2.3643795e+00   7.0035552e+02   1.4466241e+02   7.6454860e+02  -7.5003230e-01
   4.9936564e+02   5.8327870e+02   6.0923921e+02   6.5605325e+02  -8.1750436e-01
   2.8221923e+02   4.9683634e+02   3.7346977e+02   5.6744724e+02  -8.4027705e-01
   1.0000000e+00   5.4016251e+02   1.0553042e+02   6.1921483e+02  -8.6885787e-01
   1.2243451e+02   2.8064234e+00   2.0035437e+02   3.9360875e+01  -9.1820971e-01
   3.6087264e+02   6.7409872e+02   4.8224508e+02   7.6260570e+02  -9.3722906e-01
   7.8893628e+02   5.0718042e+02   9.4214881e+02   5.6551642e+02  -9.3773552e-01
   1.2341805e+00   2.6930491e+02   8.1891771e+01   3.3298967e+02  -9.4209792e-01
   6.5545447e+02   6.2016443e+02   7.3339021e+02   6.7929907e+02  -9.7681148e-01
