   1.0000000e+00   3.4448790e+02   8.7268160e+01   3.8452066e+02  -6.4080646e-01
   1.0000000e+00   4.4437316e+02   1.9072597e+02   6.1286217e+02  -7.2557241e-01
   6.7618443e+02   6.1842399e+02   7.5901888e+02   6.7842237e+02  -8.2043703e-01
   3.5847261e+02   1.0289134e+02   4.3795413e+02   1.4299760e+02  -8.4362079e-01
   2.4487672e+02   6.4902856e+02   3.4093280e+02   6.8167111e+02  -8.6100756e-01
   2.0385580e+02   4.6963340e+02   3.0929174e+02   5.1307442e+02  -8.6918053e-01
   2.7537971e+02   7.1880603e+02   3.7081854e+02   7.5472832e+02  -8.9676304e-01
   3.7629823e+02   3.7343047e+02   4.7368436e+02   4.5024169e+02  -8.9976604e-01
   2.5582636e+02   5.1785464e+02   3.7058812e+02   6.0567614e+02  -9.6039357e-01
   4.8994304e+02   5.2963114e+02   8.0333552e+02   6.6186325e+02  -9.6524274e-01
   7.4996619e+02   4.1552539e+02   1.0175372e+03   5.2970833e+02  -9.6553806e-01
   3.5772439e+02   6.0974254e+02   4.3277825e+02   6.6591998e+02  -9.8663168e-01
   6.8179750e+02   6.6441683e+02   7.8403133e+02   6.9516516e+02  -9.8812734e-01
