   1.0000000e+00   5.2263429e+02   1.3843923e+02   5.8027909e+02  -7.3687349e-01
   2.4484704e+02   3.6888655e+02   3.4442162e+02   4.1006505e+02  -7.5912667e-01
   7.5096197e+01   5.6831826e+02   1.9059881e+02   6.2007297e+02  -8.0922006e-01
   3.4786919e+02   5.4055054e+02   4.1180373e+02   5.8876905e+02  -9.0257621e-01
   1.3696062e+00   3.5991141e+02   9.1410056e+01   4.0182583e+02  -9.0330071e-01
   3.9933969e+02   4.5431646e+02   4.6416793e+02   5.0169826e+02  -9.2816880e-01
   8.5801191e+02   1.4414492e+02   1.0240000e+03   2.8211010e+02  -9.4998982e-01
   7.7491064e+02   4.1350024e+02   8.9412384e+02   4.5370087e+02  -9.7270587e-01
   8.6523544e+00   3.7472210e+02   1.4949516e+02   4.4695016e+02  -9.7540630e-01
   8.0624522e+02   5.9634748e+02   8.8915886e+02   6.5873259e+02  -9.9554366e-01
