   1.0000000e+00   4.3967627e+02   1.8162070e+02   6.0002690e+02  -6.9747356e-01
   4.9091789e+02   5.3522173e+02   7.1881563e+02   6.2277070e+02  -7.9471634e-01
   3.3721609e+02   5.9402871e+02   4.1821767e+02   6.5252298e+02  -8.1811318e-01
   1.0000000e+00   3.3922562e+02   8.5879006e+01   3.7226955e+02  -8.2224637e-01
   2.0971649e+02   4.6313304e+02   3.0245653e+02   5.0224214e+02  -8.5654401e-01
   7.1174628e+02   4.0965715e+02   9.5461357e+02   5.1264937e+02  -9.0062454e-01
   3.8095356e+02   5.2298763e+02   4.7191152e+02   5.9261687e+02  -9.2593722e-01
   9.1540980e+02   4.9675193e+02   1.0222793e+03   5.8630118e+02  -9.2650043e-01
   2.5234249e+02   7.8759992e+01   3.1017714e+02   1.2987286e+02  -9.3461181e-01
   3.5751174e+02   1.1186192e+02   4.4216813e+02   1.5281939e+02  -9.4392849e-01
   6.2839875e+02   6.4243355e+02   7.3378666e+02   6.7947106e+02  -9.6015104e-01
   3.9015902e+02   2.9159644e+02   4.5617227e+02   3.5047675e+02  -9.6053439e-01
   7.2581139e+02   6.3590391e+02   8.1471392e+02   7.0991062e+02  -9.7213403e-01
