   7.6114097e+02   6.3196213e+02   8.6007960e+02   6.6733831e+02  -7.4181977e-01
   1.0000000e+00   4.0633142e+02   2.5966571e+02   6.2584587e+02  -8.8613695e-01
   8.3686234e+02   6.1736355e+02   1.0161737e+03   7.6242236e+02  -9.0114262e-01
   8.7254568e+02   5.2348975e+02   1.0240000e+03   6.5180736e+02  -9.0325063e-01
   2.2481064e+02   4.4723035e+02   3.2656817e+02   4.8595708e+02  -9.2606669e-01
   7.6363271e+02   4.0726491e+02   9.3066937e+02   5.3960785e+02  -9.3380264e-01
   7.2776005e+02   4.9390721e+02   7.9934880e+02   5.4633652e+02  -9.3546721e-01
   5.2695800e+02   4.3860421e+02   9.9282118e+02   6.8258334e+02  -9.3683942e-01
   3.1410698e+02   5.0901029e+02   3.7439285e+02   5.5643445e+02  -9.4722366e-01
   1.3008247e+00   6.7377504e+02   1.6662524e+02   7.4059213e+02  -9.5016255e-01
   4.8693935e+02   5.1190379e+02   5.6294835e+02   5.6967011e+02  -9.8036403e-01
   2.6812927e+02   6.4713449e+02   3.6934374e+02   6.8226170e+02  -9.8717202e-01
   4.2438711e+02   6.6681784e+02   4.9168191e+02   7.1707244e+02  -9.9773867e-01
