   4.6748461e+00   4.6370410e+02   1.2235485e+02   5.5576478e+02   1.9506803e-01
   3.4455742e+02   3.8159091e+02   1.0098971e+03   7.1351314e+02  -5.3570600e-01
   1.1402205e+00   3.6063454e+02   9.1493680e+01   4.0189854e+02  -7.0425713e-01
   1.0000000e+00   5.3700730e+02   1.4506940e+02   5.8909525e+02  -7.5416145e-01
   1.8338458e+00   4.5965351e+02   1.6968719e+02   5.9029345e+02  -7.7993003e-01
   3.9392894e+02   3.4101870e+02   4.5596143e+02   3.9236746e+02  -8.9303253e-01
   1.1285309e+02   1.5330509e+02   1.7716634e+02   2.0622243e+02  -9.0574798e-01
   9.0429638e+02   2.4895443e+02   1.0225648e+03   2.8912437e+02  -9.5578392e-01
   8.5800259e+02   1.4483310e+02   1.0240000e+03   2.8272450e+02  -9.9388164e-01
   1.9907854e+02   2.1973643e+02   1.0240000e+03   7.6800000e+02  -9.9877772e-01
