   4.8073744e+00   4.7045508e+02   1.1736659e+02   5.5625899e+02   2.6631101e-01
   8.9267882e+02   3.7584098e+02   9.9869049e+02   4.1822325e+02  -4.6440839e-01
   8.6284167e+01   5.1592787e+02   1.8057408e+02   5.5447082e+02  -4.8039739e-01
   4.3121404e+02   4.7921276e+02   4.9596026e+02   5.2507918e+02  -6.8437349e-01
   7.2196518e+01   5.7155610e+02   2.0389784e+02   6.2730282e+02  -7.8833795e-01
   1.7922009e+00   4.6096743e+02   1.6762532e+02   5.8893530e+02  -8.3224032e-01
   8.2549759e+02   1.6269025e+02   1.0180163e+03   3.2131903e+02  -8.6711397e-01
   8.4003199e+02   3.9431265e+02   9.0719022e+02   4.4811284e+02  -8.6946387e-01
   8.7991927e+02   3.7580716e+02   1.0209085e+03   4.4340454e+02  -9.2609225e-01
   4.0085633e+02   5.8535275e+02   4.6770916e+02   6.3033663e+02  -9.5021044e-01
   5.1534303e+02   4.2916132e+02   5.8779782e+02   4.8648908e+02  -9.6836292e-01
   3.6623179e+02   6.8048620e+02   4.6492363e+02   7.6800000e+02  -9.9549436e-01
