   1.0574592e+00   5.2244111e+02   1.4057872e+02   5.8042949e+02  -7.5443765e-01
   5.4300472e+02   5.0740521e+02   6.1268182e+02   5.5440352e+02  -8.1877383e-01
   1.3696062e+00   3.5991141e+02   9.1410056e+01   4.0182583e+02  -8.3829101e-01
   1.2222477e+02   2.5841185e+00   2.0010289e+02   3.9580731e+01  -8.4163585e-01
   8.1927616e+02   5.1107042e+02   9.6677914e+02   5.6400952e+02  -8.8450710e-01
   8.0580969e+02   1.5761225e+02   1.0153153e+03   3.3874596e+02  -9.4762184e-01
   4.1008167e+02   4.5415085e+02   4.7380662e+02   4.9994808e+02  -9.5701972e-01
   1.8023397e+00   3.7642293e+02   1.5561367e+02   4.4951800e+02  -9.6510098e-01
   2.3285729e+02   1.3587650e+02   2.9501052e+02   1.8279803e+02  -9.6728593e-01
   1.0000000e+00   2.5362320e+02   6.8164358e+01   3.0196417e+02  -9.9673591e-01
