   1.0000000e+00   4.5976402e+02   1.1447614e+02   5.5659640e+02  -3.3225389e-01
   8.9857227e+02   4.5440312e+02   1.0240000e+03   4.9974648e+02  -5.6700021e-01
   1.7580327e+00   3.7900792e+02   1.3750636e+02   4.4139137e+02  -5.6920369e-01
   9.1560570e+02   5.1933078e+02   1.0231562e+03   5.9249589e+02  -6.2948453e-01
   2.5008778e+02   2.6700860e+02   3.6448091e+02   3.6110681e+02  -8.1818992e-01
   9.3558213e+02   4.8382813e+02   1.0240000e+03   5.5478275e+02  -8.6879469e-01
   8.4363174e+02   6.0959479e+02   9.4350211e+02   6.8742965e+02  -9.2906169e-01
   1.0000000e+00   5.4392663e+02   8.7804241e+01   6.0837709e+02  -9.7015898e-01
   8.1308755e+02   6.3062045e+02   9.6315271e+02   7.3309115e+02  -9.7460371e-01
   9.4910392e+02   2.8376439e+02   1.0223961e+03   3.3387183e+02  -9.8251485e-01
   5.5468906e+02   4.6246921e+02   6.5796306e+02   5.0242953e+02  -9.8651743e-01
