   5.5035818e+02   5.0899713e+02   6.1652303e+02   5.5613571e+02  -5.5692248e-01
   1.3696062e+00   3.5991141e+02   9.1410056e+01   4.0182583e+02  -7.8580599e-01
   7.9712060e+02   5.0576524e+02   9.7518529e+02   5.6388216e+02  -8.0097262e-01
   1.0000000e+00   5.2241912e+02   1.3964931e+02   5.8247429e+02  -8.3829179e-01
   1.7277973e+00   3.7689060e+02   1.5311615e+02   4.4717000e+02  -8.7806897e-01
   4.8056923e+02   4.2574946e+02   6.5874121e+02   5.1554019e+02  -9.1676983e-01
   2.6556672e+02   5.5312411e+02   4.6397753e+02   6.2834535e+02  -9.4326525e-01
   8.5800259e+02   1.4483310e+02   1.0240000e+03   2.8272450e+02  -9.7309682e-01
   1.0000000e+00   6.9490961e+02   9.1738039e+01   7.6562789e+02  -9.7464633e-01
   6.9736716e+02   5.2971288e+02   7.6951613e+02   5.8241189e+02  -9.8978946e-01
   7.0029648e+01   5.6952368e+02   2.0668821e+02   6.2638401e+02  -9.9111923e-01
   4.0747092e+02   4.5444914e+02   4.7103647e+02   5.0029322e+02  -9.9469482e-01
   7.0474440e+01   1.8405615e+01   2.0417307e+02   8.4577763e+01  -9.9927079e-01
