   1.0000000e+00   4.8190742e+02   1.4499654e+02   6.0471688e+02  -5.9966459e-01
   4.4241890e+02   7.2130911e+02   5.4991385e+02   7.5207227e+02  -7.5059649e-01
   2.3171558e+00   3.9064376e+02   7.2362292e+01   4.4243131e+02  -7.5922310e-01
   5.7559063e+02   4.7443108e+02   6.9414267e+02   5.1673370e+02  -8.7419215e-01
   8.9229452e+02   4.9358236e+02   1.0197243e+03   5.9843953e+02  -8.8514498e-01
   3.7989720e+00   5.8594777e+02   1.9186404e+02   6.6295105e+02  -8.9546941e-01
   9.3204851e+02   4.5984536e+02   1.0011367e+03   5.1452177e+02  -9.2762670e-01
   6.3433280e+02   5.5046668e+02   8.4897373e+02   6.3788330e+02  -9.4210375e-01
   4.2566506e+02   6.1206573e+02   4.9293836e+02   6.5954177e+02  -9.6636788e-01
   9.3289623e+01   2.8297856e+02   1.9602175e+02   3.5961855e+02  -9.6959298e-01
   1.7511568e+00   4.1165072e+02   1.0850102e+02   4.8901926e+02  -9.8836234e-01
   4.1657837e+00   6.8006992e+02   1.1009238e+02   7.5957190e+02  -9.9680751e-01
   6.5743113e+02   4.7558324e+02   8.2399462e+02   5.3489622e+02  -9.9793836e-01
