   3.9460710e+00   4.5948528e+02   1.2783226e+02   5.5637306e+02   1.3227177e-01
   8.2433609e+02   4.0293707e+02   9.1036752e+02   4.6090194e+02  -8.0117641e-01
   5.1105882e+02   3.6828867e+02   1.0073924e+03   7.5429916e+02  -8.1640323e-01
   1.2256147e+02   2.9939589e+00   2.0018796e+02   3.9506267e+01  -8.7092220e-01
   1.1342555e+02   1.5322160e+02   1.7733191e+02   2.0672968e+02  -8.8884379e-01
   8.6330534e+01   5.1573182e+02   1.7733239e+02   5.5513575e+02  -8.9069556e-01
   1.0000000e+00   5.3822206e+02   1.6274897e+02   6.0559428e+02  -9.2901280e-01
   4.2949517e+02   4.7666346e+02   4.9879791e+02   5.3121452e+02  -9.3599379e-01
   9.3581252e+02   2.4495500e+02   1.0228523e+03   3.0635963e+02  -9.4301640e-01
   1.7937271e+00   2.9678201e+01   6.6128914e+01   8.5309029e+01  -9.4911969e-01
   2.3615189e+02   2.9590022e+02   3.4277961e+02   3.3737056e+02  -9.7273543e-01
   8.6010266e+02   1.5493341e+02   1.0240000e+03   2.8183405e+02  -9.7981174e-01
   4.4061379e+02   5.9971095e+02   5.2117351e+02   6.4872684e+02  -9.8856450e-01
