   2.4248471e+02   3.6492577e+02   3.4729129e+02   4.1040980e+02  -7.1103232e-01
   8.1233675e+02   5.8473225e+02   9.6981350e+02   6.4611943e+02  -8.4753811e-01
   2.1124054e+00   5.3046727e+02   7.8728523e+01   5.8489881e+02  -8.8160921e-01
   2.0947814e+00   8.2566329e+01   7.1640705e+01   1.3889000e+02  -8.9146324e-01
   5.4379431e+02   5.0717034e+02   6.1830314e+02   5.6253275e+02  -9.3188009e-01
   1.0000000e+00   5.2253710e+02   1.4009666e+02   5.8050507e+02  -9.3638138e-01
   9.1881280e+02   2.4794146e+02   1.0168016e+03   2.8841496e+02  -9.5373691e-01
   1.2243451e+02   2.8064234e+00   2.0035437e+02   3.9360875e+01  -9.7117625e-01
   2.2416053e+02   1.7301742e+02   2.9143191e+02   2.2952540e+02  -9.8450462e-01
   3.2880747e+00   2.6220079e+02   8.3440176e+01   3.2910118e+02  -9.9862629e-01
