   1.9102322e+00   4.7025155e+02   1.1840692e+02   5.5354977e+02   1.1458463e-01
   7.7752823e+00   4.5432042e+02   1.6808145e+02   5.7247032e+02  -5.6884667e-01
   4.2346126e+02   4.6011107e+02   4.9173082e+02   5.1288726e+02  -8.1664638e-01
   1.0000000e+00   6.9444743e+02   9.4946640e+01   7.6672765e+02  -8.9110067e-01
   2.8359357e+02   4.9683929e+02   3.7552060e+02   5.6442581e+02  -9.1206418e-01
   4.1526809e+02   6.5115057e+02   5.1812485e+02   6.8869270e+02  -9.1737419e-01
   7.8610152e+02   4.8294036e+02   8.6610719e+02   5.4381744e+02  -9.3150786e-01
   8.0461156e+02   5.9597435e+02   8.8599536e+02   6.5460916e+02  -9.5064533e-01
   1.0000000e+00   5.4113370e+02   1.6731762e+02   6.0507065e+02  -9.5175432e-01
   8.6972172e+02   4.8147937e+02   1.0217615e+03   5.8603844e+02  -9.5943432e-01
   5.1130730e+02   6.0618013e+02   6.6183540e+02   7.1654397e+02  -9.8025742e-01
   7.7508841e+02   3.6885402e+02   1.0240000e+03   5.8536445e+02  -9.9329401e-01
