   9.2671255e+02   5.9675377e+02   1.0240000e+03   6.3388703e+02  -6.2358138e-01
   9.1182746e+02   4.2530817e+02   1.0127060e+03   4.5857847e+02  -6.8365932e-01
   3.3120945e+02   5.0273649e+02   4.0892171e+02   5.5940825e+02  -8.1772295e-01
   9.5416171e+02   4.4588032e+02   1.0231854e+03   4.9426819e+02  -8.7161860e-01
   5.4930636e+02   5.0877357e+02   6.1945012e+02   5.6308864e+02  -9.1777710e-01
   2.4469064e+02   3.6867552e+02   3.4718231e+02   4.0997580e+02  -9.2066589e-01
   4.6755682e+02   6.6435414e+02   6.0854919e+02   7.6800000e+02  -9.2456649e-01
   8.9917564e+02   2.2281741e+02   1.0185446e+03   3.1520088e+02  -9.2929062e-01
   7.2920745e+01   1.6664262e+01   2.0668185e+02   8.4361730e+01  -9.5324239e-01
   1.1710335e+00   5.2256149e+02   1.4071490e+02   5.8031044e+02  -9.8980042e-01
