   1.0000000e+00   5.1360899e+02   1.3024206e+02   5.6145054e+02  -1.9493900e-01
   1.0000000e+00   4.5766505e+02   1.2319721e+02   5.6734203e+02  -3.5671592e-01
   6.1490079e+02   4.8384944e+02   6.8632934e+02   5.3796037e+02  -7.1395825e-01
   5.4483340e+00   2.6395213e+02   7.7730300e+01   3.2438144e+02  -7.7669168e-01
   1.0000000e+00   5.5238179e+02   1.0769024e+02   5.9348451e+02  -8.8319682e-01
   1.0000000e+00   3.7193756e+02   1.2339782e+02   4.6100656e+02  -8.9118062e-01
   2.8484910e+02   5.2666805e+02   5.1870045e+02   6.3124450e+02  -8.9153706e-01
   8.8697733e+02   2.4020618e+02   9.4857972e+02   2.9028091e+02  -8.9367703e-01
   7.6816471e+02   3.5463516e+02   8.9799356e+02   4.0347372e+02  -9.3615629e-01
   6.0398026e+02   6.3674004e+02   6.7234165e+02   6.8502883e+02  -9.4265210e-01
   3.6837857e+00   1.0000000e+00   1.0985138e+02   8.6497856e+01  -9.5689375e-01
   8.6650184e+02   4.1603835e+02   9.6056960e+02   4.8240467e+02  -9.6302518e-01
   6.7574972e+02   6.1861165e+02   7.4027253e+02   6.6506556e+02  -9.6964697e-01
   8.5620432e+02   2.3308510e+02   9.6658143e+02   2.6790144e+02  -9.7518787e-01
   5.9673172e+02   5.2195742e+02   6.9457502e+02   5.5405475e+02  -9.9594392e-01
   7.0276709e+02   5.7419785e+02   1.0213934e+03   7.4559537e+02  -9.9964755e-01
