   1.0000000e+00   4.7554678e+02   1.1069992e+02   5.7290813e+02  -5.2132464e-01
   7.4834936e+02   5.2695614e+02   8.3116237e+02   5.9922662e+02  -8.5349424e-01
   9.1549214e+02   5.5695661e+02   1.0240000e+03   5.9245139e+02  -8.9551304e-01
   1.2842959e+02   1.4499884e+00   4.1814416e+02   1.4010010e+02  -9.0075196e-01
   3.4534610e+00   3.9171006e+02   7.2926805e+01   4.3912335e+02  -9.0112779e-01
   1.0000000e+00   5.5607018e+02   9.2036027e+01   6.1916058e+02  -9.1340448e-01
   4.2928922e+00   5.9349295e+02   2.4179665e+02   7.6800000e+02  -9.2388751e-01
   3.3682950e+00   3.7656257e+02   1.3384504e+02   4.4237257e+02  -9.4115322e-01
   7.7027139e+02   4.1239129e+02   8.7301281e+02   4.8596687e+02  -9.7380368e-01
   9.5956942e+02   4.6177156e+02   1.0240000e+03   5.1189947e+02  -9.9281291e-01
   5.6802141e+02   5.2659016e+02   6.5139771e+02   5.9031798e+02  -9.9556354e-01
