   1.4445372e+00   3.5999083e+02   9.1499896e+01   4.0174728e+02  -5.7171678e-01
   7.8641583e+02   5.1037633e+02   9.1821369e+02   5.6060602e+02  -8.2032462e-01
   8.9499597e+02   2.4585025e+02   1.0228787e+03   2.9093792e+02  -8.9135929e-01
   5.5654217e+02   4.2129898e+02   9.8010775e+02   7.6800000e+02  -9.2964782e-01
   1.0000000e+00   5.2253710e+02   1.4009666e+02   5.8050507e+02  -9.4377624e-01
   3.3261319e+02   6.0273930e+02   4.5212203e+02   6.9713769e+02  -9.7387602e-01
   4.3333314e+00   7.0167513e+02   7.1774708e+01   7.5878012e+02  -9.7697691e-01
   8.6227317e+02   2.3272953e+02   1.0100558e+03   3.5019038e+02  -9.8153915e-01
   2.7039249e+02   4.1988977e+02   3.3725934e+02   4.7083588e+02  -9.9580602e-01
   2.6498658e+02   3.5140223e+02   3.3979605e+02   4.1131187e+02  -9.9798427e-01
