   2.9728354e+00   4.7358893e+02   1.2057449e+02   5.6628591e+02   4.4399487e-01
   1.0000000e+00   5.4751640e+02   1.5894277e+02   6.0579843e+02  -4.8992750e-01
   4.1956385e+00   4.6299008e+02   1.7248462e+02   5.9194335e+02  -7.4000837e-01
   4.6950720e+02   4.9245484e+02   5.3675522e+02   5.4123162e+02  -8.1440138e-01
   5.9213347e+02   5.9771374e+02   6.5891690e+02   6.4397466e+02  -9.2535749e-01
   7.0869318e+02   5.2732473e+02   8.2855476e+02   6.1233259e+02  -9.4690522e-01
   1.0000000e+00   1.0000000e+00   6.1613388e+01   4.7596849e+01  -9.5847883e-01
   7.7248964e+01   1.5680139e+01   2.1056909e+02   8.3766801e+01  -9.6466666e-01
   4.5726766e+02   4.6253538e+02   5.4302711e+02   5.3017452e+02  -9.7698721e-01
   5.1459873e+02   6.2103553e+02   5.7857328e+02   6.6946723e+02  -9.8777136e-01
   7.8931870e+02   5.2254020e+02   9.3133787e+02   5.7058678e+02  -9.9858165e-01
