   3.2341035e+00   4.7350822e+02   1.2131519e+02   5.6311131e+02   5.6008624e-01
   4.5482797e+02   4.9075669e+02   5.1983607e+02   5.4120813e+02  -5.8069598e-01
   1.0423296e+00   1.0000000e+00   6.2022485e+01   4.4929434e+01  -8.1690154e-01
   5.0393862e+02   6.1756725e+02   5.6867231e+02   6.6723867e+02  -8.7520520e-01
   2.8138740e+02   4.2889324e+02   3.4425733e+02   4.7923178e+02  -8.7627646e-01
   1.2145659e+00   5.5320557e+02   1.1112982e+02   5.9557724e+02  -9.3323024e-01
   1.1364156e+02   1.5827074e+02   1.7656359e+02   2.0854465e+02  -9.4913084e-01
   1.0304455e+02   4.0255667e+01   1.8438519e+02   8.1067686e+01  -9.5079388e-01
   2.4295322e+02   5.8703035e+02   4.0861373e+02   6.5272793e+02  -9.6428811e-01
   7.2191342e+02   5.3632121e+00   8.4124794e+02   8.5662261e+01  -9.7332562e-01
