   7.3519012e+02   6.3225959e+02   8.0745780e+02   6.8226881e+02  -6.6089152e-01
   1.0000000e+00   4.4314687e+02   1.9496011e+02   6.1323828e+02  -6.9807151e-01
   5.7910388e+02   5.4499373e+02   8.1691775e+02   6.4879688e+02  -7.4649993e-01
   7.7030992e+02   6.2450872e+02   9.5735501e+02   7.6800000e+02  -7.4955215e-01
   1.0000000e+00   3.3891882e+02   8.4237461e+01   3.7267315e+02  -7.8892521e-01
   3.8125193e+02   3.0267124e+02   4.6979266e+02   3.7160545e+02  -8.0451686e-01
   3.6918755e+02   6.0664680e+02   4.5311248e+02   6.6757338e+02  -8.1895979e-01
   2.5874769e+02   6.5077901e+02   3.5710842e+02   6.8264576e+02  -8.7574990e-01
   1.4886185e+02   6.4443044e+02   2.2419692e+02   7.0271707e+02  -9.1637216e-01
   7.2370466e+01   1.4146046e+00   1.6681135e+02   4.7912400e+01  -9.5938537e-01
   1.5041450e+02   7.4748024e+01   2.2528438e+02   1.4152888e+02  -9.8719577e-01
   5.7974880e+02   5.1243901e+02   6.5517020e+02   5.6900087e+02  -9.9429500e-01
