   1.0000000e+00   4.5644191e+02   1.6906764e+02   6.0456606e+02  -6.2753176e-01
   8.1927809e+02   4.8430964e+02   1.0240000e+03   5.9134509e+02  -7.3570851e-01
   5.8549171e+02   4.3551500e+02   7.8794650e+02   5.0658672e+02  -7.3745741e-01
   1.0000000e+00   7.1167035e+02   1.1970175e+02   7.5103062e+02  -8.0110060e-01
   4.0201281e+02   5.3541939e+02   6.2639336e+02   6.2228602e+02  -8.3533237e-01
   8.6717546e+02   1.0688911e+02   9.6605928e+02   1.8887431e+02  -8.5067988e-01
   8.5849944e+02   4.4511165e+02   1.0149881e+03   5.1923400e+02  -8.5559521e-01
   4.0693197e+02   6.8850816e+02   5.3674729e+02   7.3350049e+02  -8.6382694e-01
   5.2006629e+02   6.7867979e+02   6.3048369e+02   7.1164451e+02  -8.9733655e-01
   1.0502698e+00   3.5406774e+02   8.6759975e+01   3.8730403e+02  -8.9779441e-01
   3.3921922e+02   5.8590808e+02   4.2733855e+02   6.4878441e+02  -9.2924380e-01
   3.2698317e+02   2.6406494e+02   4.4408017e+02   3.5311226e+02  -9.5944361e-01
   3.9440092e+00   6.2606409e+02   1.0140626e+02   7.0199467e+02  -9.6676637e-01
   3.3417581e+02   5.4541038e+02   4.2242147e+02   6.0827837e+02  -9.7937568e-01
   3.1200250e+00   3.3929169e+02   1.6261609e+02   4.1936028e+02  -9.8302828e-01
