   5.7401015e+02   6.6159256e+02   6.9974634e+02   7.0265437e+02  -1.8762142e-01
   5.0679265e+00   4.7499650e+02   1.2350442e+02   5.6518075e+02  -5.1498477e-01
   1.0000000e+00   5.6061501e+02   1.0537202e+02   6.0425129e+02  -7.5351764e-01
   4.3252651e+00   3.6974544e+02   9.6575002e+01   4.0953111e+02  -7.9879438e-01
   5.8771786e+02   4.8656409e+02   6.5595834e+02   5.3307788e+02  -8.4492391e-01
   7.6310428e+02   3.6783085e+02   8.8031217e+02   4.1931867e+02  -9.0069494e-01
   3.8323911e+00   3.7273358e+01   8.8798869e+01   7.8275307e+01  -9.0713758e-01
   5.6640224e+02   4.7160150e+02   6.6602608e+02   5.4482846e+02  -9.2465663e-01
   6.3163631e+02   5.9124576e+02   7.0451078e+02   6.3858717e+02  -9.5862323e-01
   3.8818802e+02   5.7699083e+02   6.1035894e+02   7.5309416e+02  -9.6665422e-01
   5.6120214e+02   6.0824060e+02   1.0128072e+03   7.6800000e+02  -9.7779199e-01
