   7.7774702e+02   3.5987351e+02   9.0714886e+02   4.0604344e+02  -6.1408576e-01
   2.8318424e+02   5.0076578e+02   3.5657385e+02   5.5440991e+02  -7.9081566e-01
   1.0000000e+00   5.2253710e+02   1.4009666e+02   5.8050507e+02  -8.2345230e-01
   5.4529203e+02   5.0769328e+02   6.1844024e+02   5.6324022e+02  -8.7553305e-01
   7.7344808e+02   5.2188680e+02   8.7791368e+02   5.6044664e+02  -9.2812036e-01
   8.2230860e+02   2.7013477e+02   8.8558553e+02   3.1698772e+02  -9.6198901e-01
   1.0000000e+00   3.6084700e+02   9.6847612e+01   4.0227294e+02  -9.6426606e-01
   9.3151703e+02   2.4327312e+02   1.0222999e+03   3.1552529e+02  -9.8232193e-01
   6.3490243e+02   5.5332136e+02   7.0756168e+02   6.0490712e+02  -9.8564694e-01
   8.5793082e+02   1.4579902e+02   1.0240000e+03   2.8156004e+02  -9.9801497e-01
