   1.8528667e+00   4.7089606e+02   1.2128586e+02   5.7008094e+02  -3.1607546e-01
   8.0005212e+02   5.0638521e+02   9.7445783e+02   5.6508909e+02  -7.7297589e-01
   1.0000000e+00   4.4701852e+02   1.2687163e+02   5.8519233e+02  -7.8324738e-01
   8.8892667e+00   3.7507206e+02   1.4918464e+02   4.4722147e+02  -8.3805881e-01
   9.0367942e+02   2.4834587e+02   1.0231030e+03   2.9186389e+02  -8.6820205e-01
   3.6819652e+02   5.5618504e+02   4.6736972e+02   6.2847600e+02  -9.1129235e-01
   9.1845792e+01   2.8891010e+02   1.5887884e+02   3.3737133e+02  -9.6969733e-01
   7.0828758e+00   2.6602022e+01   1.1052263e+02   1.1666575e+02  -9.6975958e-01
   5.8167273e+02   5.6602844e+02   6.5114958e+02   6.1460553e+02  -9.7858096e-01
   6.9152947e+02   5.7656919e+00   7.9412361e+02   8.5761413e+01  -9.9999321e-01
