   2.4457846e+02   3.6860482e+02   3.4485914e+02   4.1025223e+02  -7.8575743e-01
   1.0000000e+00   5.2274822e+02   1.3586493e+02   5.8133238e+02  -7.9975950e-01
   8.0404897e+02   5.0963338e+02   9.6480950e+02   5.6702767e+02  -8.9110346e-01
   5.4249473e+02   5.0834575e+02   6.1888803e+02   5.6281891e+02  -9.6242793e-01
   8.0829214e+02   3.8286185e+02   8.8931738e+02   4.4396722e+02  -9.7391777e-01
   9.4770665e+02   5.2231721e+02   1.0240000e+03   5.7196511e+02  -9.7426027e-01
   1.3696062e+00   3.5991141e+02   9.1410056e+01   4.0182583e+02  -9.7455638e-01
   4.1377158e+00   5.6598455e+02   7.9220075e+01   6.2254500e+02  -9.7662255e-01
   2.7256044e+02   4.1994653e+02   3.4197996e+02   4.7139874e+02  -9.8445189e-01
   3.4101980e+02   5.4965333e+02   4.6635842e+02   6.4233050e+02  -9.9375102e-01
