   1.0000000e+00   4.5601863e+02   1.6896545e+02   6.0625694e+02  -5.7305664e-01
   4.5368715e+02   5.4509585e+02   6.3793030e+02   6.3205231e+02  -6.8647031e-01
   1.4897027e+02   2.3032277e+02   2.2302101e+02   2.8035644e+02  -8.6256485e-01
   1.0000000e+00   7.2200239e+02   1.1695112e+02   7.6236791e+02  -8.6327251e-01
   3.5841510e+02   5.8737615e+02   4.5108924e+02   6.5157686e+02  -8.8228716e-01
   3.6789067e+02   3.8536528e+02   4.5328802e+02   4.5285847e+02  -9.1326744e-01
   3.5058174e+02   5.3431012e+02   4.3564144e+02   6.0284176e+02  -9.1361845e-01
   8.6058036e+02   6.7863345e+00   1.0175634e+03   1.1706905e+02  -9.4352146e-01
   2.1983451e+02   6.3434279e+02   3.2030529e+02   6.6462881e+02  -9.4547598e-01
   6.2245828e+02   4.2568273e+02   8.6521504e+02   5.2308477e+02  -9.6525109e-01
   2.2135455e+02   5.4131753e+02   3.3794329e+02   6.2573881e+02  -9.7942917e-01
   3.5708260e+02   1.9145837e+02   4.5761528e+02   2.8066848e+02  -9.9356456e-01
   2.0061083e+00   3.5211418e+02   9.8200535e+01   3.9391151e+02  -9.9760141e-01
