   5.7519499e+00   4.8210319e+02   1.1797619e+02   5.6780619e+02   1.7135328e-01
   9.1223399e+02   3.8573292e+02   1.0200734e+03   4.2904379e+02  -5.4829642e-01
   3.7292487e+00   1.0000000e+00   6.2354404e+01   5.1434757e+01  -5.9203638e-01
   5.3550996e+02   5.9513237e+02   6.2494248e+02   6.6884546e+02  -8.4884305e-01
   1.0000000e+00   5.6011996e+02   1.3701344e+02   6.1381315e+02  -8.6073360e-01
   2.9238564e+00   2.8951557e+02   7.3890586e+01   3.4729113e+02  -9.0451630e-01
   5.1618034e+02   5.8095088e+02   7.6106266e+02   7.0190688e+02  -9.2896011e-01
   1.1066345e+00   6.0932498e+02   8.0134983e+01   6.6554126e+02  -9.3365594e-01
   4.7997094e+02   4.7118041e+02   5.8241008e+02   5.1199665e+02  -9.5898681e-01
   6.8979998e+02   4.1215086e+02   7.7241530e+02   4.7050458e+02  -9.6943805e-01
   2.9691787e+02   5.4760848e+02   3.6272650e+02   5.9671029e+02  -9.7017234e-01
   8.9114800e+02   6.1953097e+02   1.0240000e+03   7.2471263e+02  -9.7552847e-01
   8.7598177e+02   4.3995961e+02   1.0240000e+03   4.9082228e+02  -9.8499822e-01
   5.0188776e+02   4.8608183e+02   5.8459654e+02   5.4154617e+02  -9.9113966e-01
