   7.0491348e+02   1.3505304e+01   7.8609463e+02   5.7709606e+01  -5.5900679e-01
   1.0000000e+00   4.7078550e+02   1.3072025e+02   5.9577822e+02  -6.9448884e-01
   6.9467948e+02   5.5363558e+02   8.5327922e+02   6.2564175e+02  -8.4148633e-01
   5.7378793e+02   1.1746165e+02   6.7857697e+02   1.6823923e+02  -8.9516784e-01
   3.1673438e+02   4.1868295e+02   3.9431118e+02   4.7778187e+02  -9.1833283e-01
   6.6023456e+02   5.4200896e+02   9.1080374e+02   6.4887516e+02  -9.2136050e-01
   9.2652537e+02   5.3405769e+02   1.0240000e+03   5.7296317e+02  -9.5303112e-01
   2.3858628e+02   5.0781268e+02   4.3243655e+02   6.6284756e+02  -9.6142968e-01
   8.2396201e+02   4.8060112e+02   9.2145937e+02   5.1456018e+02  -9.7249554e-01
   1.2244793e+02   1.4637309e+02   1.9101209e+02   2.0670921e+02  -9.9053889e-01
   1.0000000e+00   5.7109835e+02   1.1365417e+02   6.6893661e+02  -9.9260959e-01
   2.1979174e+00   3.7886660e+02   6.3944551e+01   4.2822814e+02  -9.9765324e-01
