   1.0000000e+00   4.5966406e+02   1.2136403e+02   5.6131806e+02  -1.2500630e-01
   7.0500792e+02   4.9275241e+02   7.8817008e+02   5.5608988e+02  -5.5859617e-01
   8.6821028e+02   5.4957033e+02   1.0240000e+03   6.7519883e+02  -7.7880553e-01
   9.1399757e+02   2.4220269e+02   1.0233465e+03   2.7664740e+02  -8.3846018e-01
   1.4196543e+02   2.1321969e+02   2.0794688e+02   2.6342903e+02  -9.0753190e-01
   7.6517053e+02   6.9359397e+02   8.4164911e+02   7.5019401e+02  -9.0963723e-01
   4.5451658e+02   4.9071503e+02   5.4114733e+02   5.5526967e+02  -9.1507609e-01
   1.2160494e+02   1.0032947e+02   1.8540497e+02   1.5337407e+02  -9.3243281e-01
   7.7544961e+02   4.1927542e+02   1.0240000e+03   5.9891819e+02  -9.4567367e-01
   8.0020267e+02   3.4855760e+02   9.4472859e+02   4.1345404e+02  -9.4584005e-01
   7.4053323e+02   6.6387456e+02   8.6743056e+02   7.5944087e+02  -9.5027191e-01
   2.3249063e+00   5.3698901e+02   9.3411758e+01   6.0809552e+02  -9.5827059e-01
   5.2811192e+02   4.6390290e+02   6.2012769e+02   5.0139790e+02  -9.5998677e-01
   6.2928275e+02   6.1797482e+02   7.7620241e+02   6.7265215e+02  -9.7530843e-01
   8.5635503e+02   6.7938184e+02   1.0053284e+03   7.3148247e+02  -9.8996996e-01
   1.0000000e+00   6.2111829e+00   7.0150253e+01   6.7089102e+01  -9.9421706e-01
   1.0000000e+00   6.0376678e+02   1.2252608e+02   6.4947352e+02  -9.9439734e-01
   1.0000000e+00   3.4521943e+02   8.8343482e+01   3.8272550e+02  -9.9549106e-01
