   1.3696062e+00   3.5991141e+02   9.1410056e+01   4.0182583e+02  -5.0465572e-01
   1.1586727e+02   6.6890575e+02   2.2022849e+02   7.0604963e+02  -7.6202273e-01
   9.0374617e+02   2.4664213e+02   1.0240000e+03   2.9276914e+02  -8.0743206e-01
   1.0574592e+00   5.2244111e+02   1.4057872e+02   5.8042949e+02  -8.4888736e-01
   8.4527411e+02   4.2508944e+02   9.6822192e+02   4.7112012e+02  -8.7066670e-01
   5.4431533e+02   5.0808883e+02   6.1898503e+02   5.6435935e+02  -8.9422845e-01
   2.4457846e+02   3.6860482e+02   3.4485914e+02   4.1025223e+02  -9.2862316e-01
   1.2601680e+02   5.0538803e+02   2.2512832e+02   5.8124389e+02  -9.3069910e-01
   1.2243451e+02   2.8064234e+00   2.0035437e+02   3.9360875e+01  -9.4233244e-01
   8.4135512e+02   3.6708567e+02   1.0226094e+03   4.9050946e+02  -9.4610584e-01
   8.6010266e+02   1.5493341e+02   1.0240000e+03   2.8183405e+02  -9.9611311e-01
