   1.0000000e+00   4.7016160e+02   1.1321051e+02   5.5754897e+02  -8.0634915e-02
   6.3983746e+02   4.7879466e+02   7.1438431e+02   5.4168786e+02  -4.6451957e-01
   6.3771473e+02   5.9900298e+02   1.0240000e+03   7.6800000e+02  -5.2389858e-01
   7.8177085e+02   3.5127012e+02   9.0844230e+02   4.0346116e+02  -7.2822557e-01
   5.4796910e+02   4.4249495e+02   6.2952949e+02   4.9496659e+02  -9.1592741e-01
   3.1226325e+02   5.3385569e+02   3.7893570e+02   5.8764427e+02  -9.4349949e-01
   1.8032906e+02   3.6257179e+02   2.4910118e+02   4.1459127e+02  -9.5111823e-01
   8.9968738e+02   2.3488304e+02   9.6243272e+02   2.8627055e+02  -9.8521628e-01
   6.2575502e+02   4.4348061e+02   6.9667368e+02   4.9633208e+02  -9.8784840e-01
   9.0228665e+02   4.1050181e+02   9.9071702e+02   4.7754217e+02  -9.9343906e-01
   2.8907540e+02   5.2880620e+02   5.2278663e+02   6.2913858e+02  -9.9511753e-01
