   4.3157811e+00   4.8498602e+02   1.1714291e+02   5.6838530e+02   6.5904669e-02
   1.0000000e+00   5.6292124e+02   1.0452014e+02   6.0238369e+02  -3.0730412e-01
   1.0000000e+00   5.5766537e+02   1.5611880e+02   6.1912280e+02  -8.8116034e-01
   5.6162995e+02   5.9815987e+02   6.2624151e+02   6.4370686e+02  -8.8978743e-01
   9.3143136e+02   4.3875380e+02   1.0235792e+03   5.1094912e+02  -8.9444697e-01
   5.2165502e+02   6.0405523e+02   6.4997120e+02   6.9938510e+02  -9.0738928e-01
   2.4555214e+00   1.0000000e+00   6.1855100e+01   4.8325785e+01  -9.1212375e-01
   4.6311678e+00   4.7144833e+02   1.6764212e+02   5.8958990e+02  -9.3081037e-01
   4.9603071e+02   4.7166980e+02   5.9336715e+02   5.1183163e+02  -9.3980912e-01
   8.7750407e+02   1.1443717e+02   1.0240000e+03   1.8394416e+02  -9.5630279e-01
   9.1540288e+02   6.2881431e+02   1.0114932e+03   6.9713398e+02  -9.5847772e-01
   6.0978151e+02   5.8869851e+02   8.7920931e+02   6.9513244e+02  -9.5875729e-01
   2.7545079e+02   4.3263688e+02   3.4229773e+02   4.8780846e+02  -9.6323843e-01
   4.6372537e+00   3.1615152e+01   1.0674537e+02   1.1963421e+02  -9.6787585e-01
   1.0000000e+00   3.3279505e+02   6.6628073e+01   3.8531103e+02  -9.7099369e-01
   2.7401706e+02   3.7620744e+02   3.4256407e+02   4.2404062e+02  -9.7489867e-01
