   1.0000000e+00   4.5887949e+02   1.2083386e+02   5.6226390e+02  -2.0116073e-01
   8.2798065e+02   5.5247952e+02   9.3710959e+02   5.8632446e+02  -5.0156357e-01
   6.6976877e+02   4.8019655e+02   7.5780353e+02   5.4919660e+02  -5.2850754e-01
   7.7275387e+02   6.1464060e+02   1.0240000e+03   7.1597002e+02  -7.3941343e-01
   7.9745673e+02   3.5005767e+02   9.2033027e+02   3.9728770e+02  -8.4316542e-01
   1.4196735e+02   2.2102036e+02   2.0645121e+02   2.7370267e+02  -8.5694228e-01
   4.5488654e+02   5.7970394e+02   7.3611467e+02   6.9524805e+02  -8.8646826e-01
   8.3929892e+02   5.4907706e+02   1.0240000e+03   6.7658265e+02  -8.9923238e-01
   1.0000000e+00   3.7715928e+02   1.4797485e+02   4.4741923e+02  -9.0170729e-01
   5.5315852e+02   4.4484110e+02   6.2097373e+02   4.9357512e+02  -9.1593314e-01
   1.0000000e+00   1.0000000e+00   7.1754205e+01   5.3861814e+01  -9.2263145e-01
   7.1890176e+02   6.1757059e+02   8.0224185e+02   6.7574098e+02  -9.3547085e-01
   2.7918737e+02   5.1538887e+02   4.9451942e+02   6.7666683e+02  -9.4935445e-01
   7.7994365e+02   4.3654943e+02   8.5463235e+02   4.9459725e+02  -9.9885998e-01
