   4.3910046e+02   4.7451631e+02   5.0629467e+02   5.2717511e+02  -7.0700889e-01
   2.4484704e+02   3.6888655e+02   3.4442162e+02   4.1006505e+02  -7.4388434e-01
   1.2222477e+02   2.5841185e+00   2.0010289e+02   3.9580731e+01  -8.1804435e-01
   9.0375499e+02   2.4843176e+02   1.0204865e+03   2.8975635e+02  -8.6402500e-01
   5.4898736e+02   5.0901434e+02   6.1699652e+02   5.6338424e+02  -8.7238926e-01
   8.8001143e+02   3.4986822e+02   1.0237465e+03   4.1578011e+02  -8.7301018e-01
   4.2372288e+02   6.2651151e+02   4.9293655e+02   6.7515411e+02  -8.8220154e-01
   8.5908240e+02   1.5915848e+02   1.0240000e+03   2.8196939e+02  -8.9647619e-01
   4.7663906e+02   4.5720251e+02   5.7663240e+02   5.3242330e+02  -9.2091121e-01
   2.0596559e+00   2.8026809e+00   1.0243463e+02   7.9318477e+01  -9.8741683e-01
   1.1703263e+02   3.0666601e+02   2.0685187e+02   3.4274695e+02  -9.9706583e-01
