   1.0000000e+00   4.7221577e+02   1.5447041e+02   6.0775828e+02  -5.3823123e-01
   1.0000000e+00   6.9657793e+02   1.0548762e+02   7.3054365e+02  -7.0941127e-01
   3.0046153e+02   5.5468607e+02   3.7002766e+02   6.0651240e+02  -7.1747870e-01
   6.3868270e+02   8.5507831e+01   7.4615799e+02   1.6684747e+02  -8.0107730e-01
   1.3798534e+00   2.0858155e+02   1.2589112e+02   2.6753794e+02  -8.1582333e-01
   3.6558264e+02   5.5008531e+02   5.2355914e+02   6.2262060e+02  -8.1611415e-01
   3.4878325e+02   6.7110236e+02   4.5817266e+02   7.0282031e+02  -8.5114486e-01
   3.1425590e+02   5.9008448e+02   3.9114099e+02   6.5143149e+02  -9.0484860e-01
   6.9221391e+02   5.3999557e+02   1.0240000e+03   6.8462979e+02  -9.0697019e-01
   3.9625033e+02   1.2989576e+02   4.6828658e+02   1.8769657e+02  -9.3513127e-01
   6.8427025e+02   2.0413826e+02   7.5262016e+02   2.5790814e+02  -9.5658726e-01
