   8.4498107e+02   4.9303357e+02   9.9385003e+02   5.5239237e+02  -3.6856716e-01
   1.0000000e+00   4.5699400e+02   1.1123868e+02   5.5071543e+02  -4.6422406e-01
   8.1858280e+02   4.5216126e+02   9.5042791e+02   5.0252230e+02  -5.5787557e-01
   7.4713497e+02   6.2381603e+02   8.6636399e+02   7.0622594e+02  -7.0095280e-01
   2.5829046e+02   6.7191387e+01   4.1645806e+02   1.4436544e+02  -8.0410404e-01
   6.4669091e+00   3.5920090e+02   1.4957377e+02   4.3187648e+02  -8.1813411e-01
   8.3574778e+02   6.6602428e+02   9.8661683e+02   7.6800000e+02  -8.2810753e-01
   7.2866901e+02   6.2513452e+02   8.8346777e+02   7.5373423e+02  -8.2921410e-01
   8.1535631e+02   4.5481538e+02   1.0240000e+03   5.4966662e+02  -9.1051802e-01
   1.3616900e+02   2.0247713e+02   2.2049485e+02   2.3818812e+02  -9.2374849e-01
   1.0000000e+00   6.0194458e+02   1.2885865e+02   6.5208509e+02  -9.3010175e-01
   3.2608015e+02   2.4583746e+02   3.9100549e+02   2.9883910e+02  -9.6094142e-01
   6.5984728e+02   4.8959589e+02   7.3275533e+02   5.3535672e+02  -9.6733420e-01
   1.2551700e+02   7.1177323e+01   1.8341370e+02   1.2380939e+02  -9.9553384e-01
