   1.0000000e+00   4.5651978e+02   1.1330014e+02   5.5221034e+02  -3.3596338e-01
   7.4693510e+02   4.7168007e+02   8.3685038e+02   5.4240785e+02  -5.6002830e-01
   8.7613191e+02   1.5434517e+02   1.0087165e+03   2.6518553e+02  -7.0675024e-01
   9.2132101e+02   6.7282432e+02   1.0240000e+03   7.4956718e+02  -8.6979378e-01
   5.8938533e+02   4.2789866e+02   6.9073957e+02   4.7012792e+02  -9.1140189e-01
   7.9482786e+02   6.9226152e+02   8.8042993e+02   7.4902564e+02  -9.1458288e-01
   9.2323748e+02   6.1357445e+02   1.0029974e+03   6.6585938e+02  -9.2283616e-01
   1.4252543e+02   2.0770101e+02   2.0827207e+02   2.5384246e+02  -9.3473026e-01
   9.2207033e+02   4.0241293e+02   1.0240000e+03   4.7735970e+02  -9.4111011e-01
   1.2797522e+01   5.8794168e+02   2.0769765e+02   7.5444816e+02  -9.5858978e-01
   1.2325208e+02   8.7154727e+01   1.8654354e+02   1.4042765e+02  -9.6689181e-01
   5.0703943e+00   5.2319158e+02   1.6017282e+02   5.9310628e+02  -9.7877546e-01
   9.4107781e+02   5.0758164e+02   1.0240000e+03   5.7043293e+02  -9.8025270e-01
   7.7655677e+02   6.8050351e+02   8.9554766e+02   7.6584559e+02  -9.8621938e-01
   1.0000000e+00   3.6116022e+02   1.4540006e+02   4.3190435e+02  -9.9491513e-01
   7.1807936e+02   6.2421478e+02   8.0357493e+02   6.8637054e+02  -9.9716535e-01
   2.8356596e+02   4.9655363e+02   5.0557315e+02   6.6901700e+02  -9.9996181e-01
