   5.5278968e+02   5.0895696e+02   6.3332419e+02   5.6855623e+02  -7.2051200e-01
   4.7920793e+02   4.2751515e+02   6.5496690e+02   5.0848533e+02  -7.4399123e-01
   1.3696062e+00   3.5991141e+02   9.1410056e+01   4.0182583e+02  -7.9113594e-01
   9.0821421e+02   2.4627081e+02   1.0204447e+03   3.0441204e+02  -8.2216841e-01
   1.0000000e+00   4.5932580e+02   1.2860861e+02   5.9345331e+02  -8.3949935e-01
   1.0908546e+00   6.9594707e+02   9.2218447e+01   7.6403448e+02  -9.4367670e-01
   8.5801191e+02   1.4414492e+02   1.0240000e+03   2.8211010e+02  -9.8636364e-01
   8.0686932e+02   5.9670219e+02   8.8965356e+02   6.5877202e+02  -9.9404107e-01
   3.8593057e+02   5.6695196e+02   4.6191046e+02   6.2328868e+02  -9.9484127e-01
   2.7188875e+02   4.1788216e+02   3.4070669e+02   4.7079826e+02  -9.9685330e-01
   8.2276267e+02   2.5530930e+02   9.0134121e+02   3.1535578e+02  -9.9773990e-01
