   1.0000000e+00   4.7237517e+02   1.1347222e+02   5.6805572e+02  -5.5310302e-01
   5.1656055e+00   3.7644112e+02   1.4076938e+02   4.4072471e+02  -6.1140658e-01
   1.0000000e+00   5.5458463e+02   1.6767582e+02   6.1968168e+02  -6.4647631e-01
   7.0442826e+02   5.3013976e+02   7.9549733e+02   6.0416500e+02  -7.8104047e-01
   8.7986313e+02   4.8010165e+02   1.0208489e+03   5.8123157e+02  -8.0755391e-01
   2.6058557e+02   4.4026455e+01   3.6943126e+02   9.5070399e+01  -9.2466038e-01
   6.8657261e+02   4.7326690e+02   8.0104354e+02   5.6695418e+02  -9.4766950e-01
   9.4631510e+02   1.8603955e+02   1.0231060e+03   2.4153910e+02  -9.7590722e-01
   8.4686477e+02   5.7512616e+02   1.0240000e+03   7.2717022e+02  -9.8115544e-01
   2.0974257e+00   6.8262737e+02   1.0051303e+02   7.5165394e+02  -9.8449637e-01
   7.9245915e+02   6.9248067e+02   8.6826712e+02   7.4328988e+02  -9.9889565e-01
