   1.3538426e+00   4.8474628e+02   2.1046289e+02   5.9748047e+02  -6.0892338e-02
   1.3498356e+01   4.7149294e+02   3.1800560e+02   6.2557384e+02  -5.0102333e-01
   9.2090885e+02   5.3576538e+02   1.0240000e+03   5.7140167e+02  -7.2415310e-01
   3.0343046e+00   8.1731217e+01   1.1586491e+02   1.3312047e+02  -7.3209329e-01
   1.0000000e+00   5.6383150e+02   2.8366578e+02   6.9539660e+02  -7.6550062e-01
   1.5158695e+00   1.8491779e+02   8.2631936e+01   2.2526373e+02  -8.2913536e-01
   5.9721119e+02   4.6745353e+02   7.3300097e+02   5.1385217e+02  -8.4329321e-01
   4.9623070e+02   5.6360306e+02   5.8977126e+02   6.3053000e+02  -9.0737999e-01
   4.5380549e+02   1.5551638e+02   5.2844268e+02   2.2184220e+02  -9.1886379e-01
   1.2987766e+00   2.9254441e+02   8.4437464e+01   3.5644040e+02  -9.4654762e-01
   2.2921087e+00   3.7795931e+02   9.1814228e+01   4.1886728e+02  -9.7415825e-01
   3.4860834e+01   2.8130610e+02   1.4763543e+02   3.7182597e+02  -9.9011685e-01
