   8.5169077e+02   5.1364973e+02   1.0048527e+03   5.6197600e+02  -8.0061555e-01
   1.7764042e+01   6.4579214e+01   9.2814656e+01   1.0517175e+02  -8.7257670e-01
   1.2207768e+02   3.5066719e+02   1.9132406e+02   3.9885994e+02  -9.0288554e-01
   1.2083818e+02   3.8841140e+02   2.1922748e+02   4.2473889e+02  -9.1867347e-01
   8.9933392e+02   4.2782552e+02   1.0129121e+03   5.1512430e+02  -9.2875935e-01
   7.3817350e+02   5.2993811e+02   8.2857695e+02   5.9569531e+02  -9.3193615e-01
   9.2221821e+02   4.9242153e+02   1.0240000e+03   5.7683991e+02  -9.8236933e-01
   1.2337535e+00   3.7278353e+02   7.4582575e+01   4.2918776e+02  -9.8301640e-01
   8.4518406e+02   3.7024387e+02   9.7567621e+02   4.1612130e+02  -9.8990614e-01
   1.0000000e+00   1.0000000e+00   1.0748055e+02   8.4864299e+01  -9.9175394e-01
   1.0000000e+00   4.5248145e+02   2.1010139e+02   5.4945643e+02  -9.9899290e-01
