   1.0000000e+00   4.9406677e+02   7.6302086e+01   5.4929225e+02  -4.8336665e-01
   6.1179253e+00   6.6896576e+02   1.1407696e+02   7.1508144e+02  -6.1078722e-01
   1.2582395e+02   3.7405554e+02   2.1556812e+02   4.3907323e+02  -7.9888802e-01
   2.9517556e+01   6.3181971e+02   1.3616110e+02   6.7607276e+02  -8.4019132e-01
   6.0001200e+02   5.0496020e+02   6.8435668e+02   5.7135269e+02  -8.6734661e-01
   7.3662972e+02   5.2925005e+02   8.2568951e+02   5.9556202e+02  -8.6772897e-01
   4.2984214e+02   4.6223951e+02   4.9596203e+02   5.0716443e+02  -8.8944827e-01
   3.5201822e+01   6.5264976e+01   9.7147314e+01   1.1315649e+02  -8.9666772e-01
   1.3625621e+02   1.8678828e+02   2.3570653e+02   2.2779000e+02  -9.1545672e-01
   3.1204268e+00   7.9017954e+01   6.7073669e+01   1.3008498e+02  -9.2934357e-01
   8.3919394e+02   5.1239463e+02   9.5850783e+02   5.5770699e+02  -9.3811596e-01
   8.3213510e+02   3.4700419e+02   9.6843379e+02   4.1397128e+02  -9.4796210e-01
   3.7878068e+00   2.7720122e+02   1.1724485e+02   3.6097363e+02  -9.4906263e-01
   9.2233135e+02   4.2046730e+02   1.0240000e+03   5.0071245e+02  -9.5118011e-01
   1.6178098e+02   2.8003605e+00   2.4215123e+02   3.9030580e+01  -9.6513399e-01
   9.2251562e+02   4.9355249e+02   1.0240000e+03   5.7711050e+02  -9.8673433e-01
   1.0347680e+02   4.5496715e+02   1.6949635e+02   5.0598201e+02  -9.9203594e-01
