   3.7511685e+00   4.4464531e+02   2.1623108e+02   6.0736000e+02  -2.7607148e-02
   3.4981139e+02   5.1332977e+02   4.3104919e+02   5.6909738e+02  -7.8311612e-01
   5.2089418e+02   5.5935961e+02   5.9033526e+02   6.1360397e+02  -8.0298665e-01
   8.6964398e+02   1.8433275e+01   9.6811081e+02   9.7299000e+01  -8.3233213e-01
   5.1828960e+02   6.0310205e+02   5.8868311e+02   6.4684511e+02  -8.4785066e-01
   1.0000000e+00   5.5777018e+02   3.8423354e+02   7.3963502e+02  -8.8142769e-01
   4.8853256e+02   5.8086133e+02   6.0478875e+02   6.2721459e+02  -9.0976800e-01
   6.6860351e+00   1.0000000e+00   1.3266708e+02   7.3345327e+01  -9.1232613e-01
   5.1143211e+02   6.8668320e+02   6.2437037e+02   7.2149990e+02  -9.1437236e-01
   2.4193715e+02   5.0049051e+01   3.0052061e+02   9.7540819e+01  -9.3052380e-01
   5.1057218e+00   4.2587534e+02   3.1724826e+02   6.6729995e+02  -9.4503995e-01
   8.9591931e+02   5.2024492e+02   9.8885507e+02   5.7861101e+02  -9.7874968e-01
   1.0000000e+00   3.6350439e+02   7.2503152e+01   4.1936121e+02  -9.8211389e-01
   8.2311355e+02   6.2792901e+02   9.2371108e+02   6.9895809e+02  -9.8242843e-01
