   3.8400449e+01   4.8816368e+02   1.7525554e+02   5.9885563e+02  -1.6873838e-01
   1.1579656e+01   4.9022311e+02   2.7010614e+02   6.2481692e+02  -4.6702673e-01
   6.8210431e+00   3.3928484e+02   1.4293802e+02   3.9906976e+02  -5.4470375e-01
   3.5516278e+00   1.1907987e+02   1.1244083e+02   1.6870117e+02  -7.0391810e-01
   2.8815208e+02   2.8694756e+02   3.8591254e+02   3.2809155e+02  -8.4987403e-01
   2.6162853e+00   1.9217654e+02   8.9974644e+01   2.6306055e+02  -9.1131364e-01
   8.0069020e+02   3.6417872e+00   1.0204135e+03   1.7490227e+02  -9.1245035e-01
   1.5236234e+02   2.3768517e+02   2.2430244e+02   2.9446055e+02  -9.2606317e-01
   2.2356591e+02   3.5779216e+02   3.2378166e+02   4.0190611e+02  -9.9124813e-01
   3.6667070e+02   4.3381647e+02   4.5086824e+02   4.9374993e+02  -9.9591454e-01
