   1.0000000e+00   4.7640563e+02   1.1505073e+02   5.2749485e+02   1.6857500e+00
   4.9501582e+01   1.1847566e+02   1.3746648e+02   1.6685082e+02  -4.7026267e-01
   8.1910020e+00   4.8148609e+02   1.4797457e+02   5.5859792e+02  -6.0002988e-01
   1.0000000e+00   6.7164046e+02   1.0692268e+02   7.0904760e+02  -7.2381856e-01
   8.3953123e+02   5.1184030e+02   9.6050817e+02   5.5636208e+02  -7.6557016e-01
   1.3157403e+01   7.1474753e+02   1.1962518e+02   7.4741374e+02  -8.2607581e-01
   4.8534023e+01   6.0203228e+02   1.2223248e+02   6.5727217e+02  -8.4888969e-01
   8.2576966e+02   3.4795536e+02   9.6712370e+02   4.1297195e+02  -9.1161032e-01
   7.4312735e+02   5.3027053e+02   8.2409023e+02   5.9019284e+02  -9.2991460e-01
   4.0809475e+00   7.8121769e+01   6.7649689e+01   1.2943518e+02  -9.3460675e-01
   3.9596369e+02   5.6405944e+02   4.9116773e+02   6.2778184e+02  -9.3971022e-01
   4.3224468e+02   4.6073071e+02   4.9698305e+02   5.0536677e+02  -9.6850420e-01
   8.9416460e+02   5.0495247e+02   1.0217688e+03   5.9585019e+02  -9.7998637e-01
   1.4315237e+02   1.8178527e+02   2.6026599e+02   2.2685671e+02  -9.8137337e-01
   9.0382066e+02   1.2553480e+02   1.0180714e+03   2.1031957e+02  -9.9642105e-01
   2.5302326e+01   1.2143348e+02   1.1389874e+02   1.9203211e+02  -9.9655404e-01
