   7.5458851e+01   4.6115000e+02   2.1041570e+02   5.5873914e+02  -7.5249848e-02
   6.6249996e+00   4.8343009e+02   2.0548701e+02   5.9940924e+02  -7.8759923e-01
   3.5799201e+01   6.4378924e+02   1.5768248e+02   6.9130989e+02  -8.2617177e-01
   3.7107798e+02   2.8163973e+02   4.4395777e+02   3.4219418e+02  -8.4375884e-01
   6.3361157e+02   4.0138892e+02   8.4442026e+02   5.0036280e+02  -8.4734277e-01
   1.2493149e+02   3.8872120e+02   2.2023818e+02   4.2542361e+02  -8.4889126e-01
   6.2081296e+02   3.7129481e+02   1.0083732e+03   6.8632514e+02  -8.5329373e-01
   3.6137734e+02   4.1164313e+02   4.3272039e+02   4.6185977e+02  -8.7700142e-01
   2.9554491e+00   4.0449958e+02   6.4646763e+01   4.5468912e+02  -9.0651456e-01
   3.2611291e+00   3.9801319e+02   1.0384055e+02   4.6644180e+02  -9.4743604e-01
   1.4210375e+02   1.8456248e+02   2.6662091e+02   2.3221674e+02  -9.8521111e-01
