   1.0000000e+00   4.7530072e+02   7.1100775e+01   5.2866308e+02  -3.6017401e-01
   1.0000000e+00   7.1335666e+02   1.2590509e+02   7.5315568e+02  -5.4598496e-01
   4.1554059e+00   4.8073121e+02   9.9243072e+01   5.5352030e+02  -6.5621584e-01
   1.2188947e+02   3.8839404e+02   2.1791143e+02   4.2514726e+02  -7.7890240e-01
   8.2909320e+02   3.4723030e+02   9.7106800e+02   4.1418031e+02  -7.8083181e-01
   8.3861235e+02   5.1216634e+02   9.5772066e+02   5.5773635e+02  -8.5963527e-01
   4.3127035e+02   4.6109983e+02   4.9613397e+02   5.0717352e+02  -8.8836450e-01
   1.0000000e+00   6.7042467e+02   1.1548541e+02   7.1275408e+02  -9.1645160e-01
   1.2365080e+01   5.2739778e+02   9.3616035e+01   5.9041648e+02  -9.2356194e-01
   6.0942976e+02   5.0995999e+02   6.8484504e+02   5.6873478e+02  -9.4521121e-01
   7.3662972e+02   5.2925005e+02   8.2568951e+02   5.9556202e+02  -9.6999679e-01
   5.2491706e+01   1.1947375e+02   1.3707901e+02   1.6389497e+02  -9.7759399e-01
   2.4676313e+00   4.0063539e+02   6.8380329e+01   4.5364650e+02  -9.9696896e-01
