   1.2329987e+02   3.8748914e+02   2.2232935e+02   4.2963356e+02  -5.2616490e-01
   5.1723402e+01   1.2052594e+02   1.3766259e+02   1.6262577e+02  -7.7946358e-01
   8.4276212e+02   3.7038518e+02   9.7719835e+02   4.1752603e+02  -7.8467186e-01
   1.5582472e+02   3.4303564e+00   2.4141014e+02   3.8284503e+01  -8.1669380e-01
   3.7313687e+02   3.6082894e+02   4.3799598e+02   4.1019782e+02  -8.6512135e-01
   8.5850476e+02   5.0341504e+02   9.6144639e+02   5.6938606e+02  -8.7411005e-01
   8.6095504e+02   5.2343907e+02   1.0240000e+03   5.9407674e+02  -8.7488239e-01
   3.6837196e+02   4.1979395e+02   4.3937107e+02   4.7666908e+02  -9.0084367e-01
   4.0604111e+02   7.1533402e+02   4.7744317e+02   7.6774672e+02  -9.2110082e-01
   2.8196930e+02   5.6493995e+02   4.4375745e+02   6.9686990e+02  -9.4180255e-01
   1.0000000e+00   2.5939053e+02   8.3435865e+01   3.2484184e+02  -9.6133693e-01
   8.1449084e+02   4.1594797e+02   9.4422598e+02   4.7045104e+02  -9.7376455e-01
   3.3261966e+01   4.6137689e+02   1.7601817e+02   5.6801106e+02  -9.7654376e-01
   5.3402559e+01   1.4790178e+02   1.3644845e+02   1.8188984e+02  -9.8066293e-01
