   4.6246218e+02   5.4716914e+02   7.1870334e+02   6.4866128e+02  -4.7391766e-01
   1.0000000e+00   4.4573648e+02   2.1754019e+02   6.1795771e+02  -6.0195748e-01
   6.1091533e+02   6.2582055e+02   6.8869456e+02   6.8565778e+02  -7.3900787e-01
   7.1376048e+02   4.4789847e+02   7.8437608e+02   4.9784080e+02  -7.9264344e-01
   8.4556015e+00   1.0000000e+00   9.4360224e+01   6.9289846e+01  -8.2120464e-01
   3.9504953e+02   5.4808810e+02   4.7283263e+02   6.0698537e+02  -8.7032472e-01
   3.5383868e+02   6.0045451e+01   4.7063889e+02   1.0656268e+02  -9.0338981e-01
   4.5919592e+02   3.6487275e+02   5.6143190e+02   4.4369782e+02  -9.5452251e-01
   3.8444667e+02   6.8355514e+02   4.5869147e+02   7.3913655e+02  -9.8066548e-01
   7.8449414e+01   2.5475376e+02   1.4263564e+02   3.0284293e+02  -9.8504487e-01
