   7.7492517e+01   4.7231941e+02   1.9629977e+02   5.6424831e+02  -3.6650086e-01
   1.0000000e+00   4.6901687e+02   2.3284762e+02   5.9221406e+02  -5.4001928e-01
   8.9292721e+02   5.3137906e+02   1.0240000e+03   5.7253973e+02  -6.2826615e-01
   1.0000000e+00   6.7063072e+02   1.0654128e+02   7.1170113e+02  -7.5531544e-01
   1.0000000e+00   7.1142275e+02   1.2408498e+02   7.4967230e+02  -7.7209012e-01
   1.0000000e+00   2.3852796e+01   6.3603545e+01   7.2201383e+01  -8.0617001e-01
   1.6157124e+02   2.5780556e+00   2.4189976e+02   3.9250436e+01  -8.3350566e-01
   8.6574612e+02   5.2279447e+02   1.0240000e+03   5.9637063e+02  -9.0348019e-01
   4.6684305e+01   1.2013766e+02   1.4036759e+02   1.6679245e+02  -9.1578778e-01
   7.5311092e+01   3.4518634e+02   1.7511125e+02   3.9097164e+02  -9.4581360e-01
   2.5312386e+01   1.2064222e+02   1.1061478e+02   1.9440092e+02  -9.4660601e-01
   3.5888304e+02   3.9915849e+02   4.3183800e+02   4.5877755e+02  -9.4828539e-01
   2.8474767e+01   6.3518483e+01   9.7654563e+01   1.1123757e+02  -9.5393403e-01
   3.2157565e+02   5.5263323e+02   5.1601017e+02   6.9633429e+02  -9.6007416e-01
   1.0000000e+00   3.7261058e+02   6.9101528e+01   4.2374570e+02  -9.8701422e-01
   1.0000000e+00   1.0000000e+00   1.0764555e+02   8.6822202e+01  -9.9132472e-01
