   8.5001255e+02   5.1279212e+02   1.0031908e+03   5.6203150e+02  -5.8953944e-01
   4.6684305e+01   1.2013766e+02   1.4036759e+02   1.6679245e+02  -7.0224542e-01
   4.3873131e+02   4.6083622e+02   5.0371235e+02   5.0715270e+02  -8.5299272e-01
   1.0000000e+00   1.0000000e+00   1.0764555e+02   8.6822202e+01  -8.9830766e-01
   8.4531292e+02   3.7032508e+02   9.7834483e+02   4.1580376e+02  -9.0254547e-01
   7.0445849e+02   3.6669019e+02   7.9110466e+02   4.3112890e+02  -9.1711339e-01
   1.2237255e+02   3.8706766e+02   2.1395227e+02   4.1970790e+02  -9.6264756e-01
   2.9624715e+01   4.7432977e+02   1.2287051e+02   5.3267661e+02  -9.6415676e-01
   5.8462631e+01   3.5589514e+02   1.1952844e+02   4.0599962e+02  -9.7743681e-01
   7.0569940e+02   5.8112569e+02   8.5166574e+02   6.4803983e+02  -9.9932007e-01
