   1.1944646e+01   7.1675623e+02   1.1990791e+02   7.4653887e+02  -7.0384986e-01
   2.7541641e+01   6.3238636e+02   1.3562111e+02   6.7325051e+02  -7.1731352e-01
   1.0000000e+00   6.7001741e+02   1.0572431e+02   7.1290363e+02  -7.6026031e-01
   6.6922495e+02   5.5347051e+02   7.4239074e+02   6.0778258e+02  -8.3394794e-01
   3.6428887e+02   5.5244438e+02   4.8196244e+02   6.3488144e+02  -8.9945936e-01
   3.0498693e+02   5.4776623e+02   3.9106813e+02   6.0921821e+02  -9.0440200e-01
   3.7287617e+02   3.6028514e+02   4.3501222e+02   4.1143926e+02  -9.2220506e-01
   4.0445104e+00   2.7351348e+02   1.1129421e+02   3.6172103e+02  -9.2336143e-01
   8.5147509e+02   5.1270629e+02   1.0071558e+03   5.6152572e+02  -9.2820746e-01
   1.0000000e+00   1.0000000e+00   1.0748055e+02   8.4864299e+01  -9.5043399e-01
   1.1968801e+02   3.7047792e+02   2.1909492e+02   4.5033671e+02  -9.5739424e-01
   5.3358322e+01   1.5024043e+02   1.2083073e+02   2.0102485e+02  -9.7446791e-01
   3.4734131e+01   6.5508471e+01   9.7551396e+01   1.1249760e+02  -9.9338183e-01
   1.8099287e+00   5.0420929e+02   2.6112074e+02   7.1443254e+02  -9.9395373e-01
   2.2806629e+00   3.9357481e+02   7.8447503e+01   4.5171489e+02  -9.9960978e-01
