   6.1656153e+02   5.1032627e+02   6.8130118e+02   5.6051799e+02  -6.9611576e-01
   1.1626965e+02   3.8672961e+02   2.2199773e+02   4.3006306e+02  -7.6921193e-01
   1.0000000e+00   1.0000000e+00   1.0807983e+02   8.7227554e+01  -8.2967228e-01
   1.3492189e+02   1.8286427e+02   2.6192261e+02   2.4082268e+02  -8.4564059e-01
   7.1806035e+02   3.6549075e+02   8.6244675e+02   4.2181218e+02  -9.0066173e-01
   5.1606307e+01   1.2123996e+02   1.4022068e+02   1.6264728e+02  -9.0934093e-01
   6.7927564e+02   3.6632686e+02   1.0240000e+03   5.5459254e+02  -9.1708898e-01
   3.7238247e+02   3.5998714e+02   4.3491065e+02   4.1023403e+02  -9.1952135e-01
   3.5103502e+00   7.6524045e+01   6.8361369e+01   1.3089250e+02  -9.3126014e-01
   8.6478129e+02   5.2304766e+02   1.0240000e+03   5.9442535e+02  -9.9177613e-01
