   6.8326570e+01   4.6491940e+02   2.0002543e+02   5.6902517e+02  -3.4220253e-02
   1.0000000e+00   4.6483613e+02   2.4197186e+02   5.8306985e+02  -4.9056345e-01
   1.6190721e+02   2.4574234e+00   2.4017408e+02   3.9444565e+01  -7.4618574e-01
   1.8180762e+01   2.0372337e+02   1.1891919e+02   2.4724103e+02  -7.6889585e-01
   3.7238247e+02   3.5998714e+02   4.3491065e+02   4.1023403e+02  -8.0900879e-01
   3.4793685e+02   5.0675687e+02   4.4760966e+02   5.7868209e+02  -8.7080260e-01
   4.2618520e+02   4.5923518e+02   4.8842239e+02   5.0719820e+02  -8.7807662e-01
   3.1474135e+00   7.9786674e+01   6.6848838e+01   1.2871066e+02  -8.8802546e-01
   1.0000000e+00   7.1497871e+02   1.0110706e+02   7.4562998e+02  -8.8942743e-01
   3.5798428e+02   4.0311218e+02   4.3364196e+02   4.5764889e+02  -9.0928600e-01
   8.5174569e+01   6.3621917e+02   1.9875183e+02   6.7356256e+02  -9.1592214e-01
   3.8216135e+02   2.8155725e+02   4.5078188e+02   3.3504731e+02  -9.1598045e-01
   8.4143127e+02   5.1066269e+02   9.5750452e+02   5.5792008e+02  -9.2735907e-01
   1.0000000e+00   2.5939053e+02   8.3435865e+01   3.2484184e+02  -9.4133440e-01
   1.0000000e+00   6.6737496e+02   1.2015831e+02   7.1226025e+02  -9.5054874e-01
   3.2456774e+02   6.2015830e+02   4.3168280e+02   6.9783383e+02  -9.6054219e-01
   4.0246091e+01   5.9789338e+02   1.3056120e+02   6.6347399e+02  -9.6332040e-01
   8.9330503e+02   5.0443361e+02   1.0215919e+03   5.9375177e+02  -9.8149500e-01
   2.6275549e+00   3.7374314e+02   7.4647549e+01   4.2391560e+02  -9.9278141e-01
