   1.1809120e+02   3.8822062e+02   2.1275163e+02   4.2493919e+02  -7.6030392e-01
   6.1851488e+02   5.1231189e+02   6.8457017e+02   5.6316140e+02  -8.3684706e-01
   8.5872682e+02   5.0258038e+02   9.5803252e+02   5.6707848e+02  -8.4720477e-01
   8.4276212e+02   3.7038518e+02   9.7719835e+02   4.1752603e+02  -8.7155474e-01
   1.1824065e+02   3.7597747e+02   2.2251379e+02   4.5332800e+02  -8.8112845e-01
   2.9594738e+00   7.6774229e+01   6.8465368e+01   1.3135723e+02  -9.3038946e-01
   4.9821142e+01   6.0223404e+02   1.2374330e+02   6.5948468e+02  -9.4046565e-01
   1.0000000e+00   1.0000000e+00   1.0764555e+02   8.6822202e+01  -9.4286707e-01
   1.0000000e+00   6.7168908e+02   1.0569939e+02   7.1093246e+02  -9.6012388e-01
   1.2298519e+02   3.5057762e+02   1.9108308e+02   3.9806528e+02  -9.7440494e-01
   2.9992565e+01   6.3293718e+02   1.4064776e+02   6.8205004e+02  -9.9902212e-01
