   7.3553312e+01   4.7139497e+02   1.9477177e+02   5.6411934e+02  -4.8951380e-03
   1.0000000e+00   4.6296858e+02   2.2777112e+02   5.7313638e+02  -6.9489898e-01
   9.3113207e+02   4.2153894e+02   1.0240000e+03   4.9953884e+02  -7.8242004e-01
   8.1322226e+02   4.1878620e+02   9.4416269e+02   4.7133374e+02  -7.9655192e-01
   5.1045761e+01   1.2038478e+02   1.3768549e+02   1.6387511e+02  -8.8024721e-01
   7.0875776e+02   3.9851256e+02   7.9475531e+02   4.6600578e+02  -8.9359675e-01
   1.6168332e+02   2.7388127e+00   2.4012880e+02   3.9271229e+01  -8.9578149e-01
   7.7846046e+01   5.5213311e+02   1.9064772e+02   5.9684916e+02  -9.0642092e-01
   4.3096018e+02   4.6140788e+02   4.9621353e+02   5.0921551e+02  -9.2588880e-01
   8.9270609e+02   5.3120007e+02   1.0240000e+03   5.7295397e+02  -9.2843325e-01
   1.2126206e+02   3.8766322e+02   2.1650876e+02   4.2526818e+02  -9.3256469e-01
   2.6134972e+00   7.8729839e+01   6.6671852e+01   1.3005295e+02  -9.7205359e-01
   6.6716946e+02   5.6366239e+02   7.4127522e+02   6.1553780e+02  -9.7554236e-01
