   4.2865395e+01   4.6025535e+02   1.7975095e+02   5.6050897e+02   7.6794207e-02
   9.1983809e+00   5.2713420e+02   2.2280859e+02   6.3261101e+02  -5.0211594e-01
   4.3758528e+00   3.3026018e+02   1.4636752e+02   4.0724579e+02  -6.3682923e-01
   1.4664021e+01   4.4725105e+02   2.8480821e+02   5.8660738e+02  -6.4104897e-01
   1.7035862e+00   1.3439293e+02   6.6945115e+01   1.8907365e+02  -8.2707461e-01
   9.5992759e+02   3.3651902e+02   1.0240000e+03   3.8416520e+02  -8.3060908e-01
   8.3793786e+02   6.4860644e+02   1.0153181e+03   7.6800000e+02  -8.7481274e-01
   1.0000000e+00   7.1306855e+02   9.7815486e+01   7.4808285e+02  -8.8286579e-01
   3.2597995e+02   5.1309062e+02   6.1847964e+02   7.5164285e+02  -8.8769887e-01
   1.0000000e+00   6.1196405e+02   7.4342302e+01   6.6748972e+02  -9.0346483e-01
   9.1708028e+02   4.4037167e+02   1.0240000e+03   5.3078202e+02  -9.0941842e-01
   3.5539457e+02   4.0703344e+02   4.4834351e+02   4.7369826e+02  -9.1574830e-01
   3.5432058e+02   2.3258308e+02   4.1686080e+02   2.8200237e+02  -9.5176449e-01
   2.2987001e+00   1.5994925e+02   8.8276477e+01   2.2125448e+02  -9.5333016e-01
