   8.3491341e+01   4.7295115e+02   1.9724207e+02   5.5735640e+02   1.1452587e-01
   1.5098240e+00   4.5834143e+02   2.1679758e+02   5.4597872e+02  -5.0039861e-01
   2.7331254e+01   6.3213602e+02   1.3839947e+02   6.7442231e+02  -6.1816113e-01
   7.5037625e+02   5.4704745e+02   1.0240000e+03   6.7155299e+02  -6.5924843e-01
   1.4910514e+02   5.1600646e+02   2.5074760e+02   5.5751127e+02  -8.0456008e-01
   1.2105125e+02   3.8815124e+02   2.2303628e+02   4.2879556e+02  -8.4721675e-01
   3.0905850e+02   5.6340635e+02   4.2911302e+02   6.0496944e+02  -8.7988798e-01
   1.0000000e+00   5.1614079e+02   1.0260551e+02   5.9192071e+02  -9.3159239e-01
   9.2325070e+02   3.9894041e+01   1.0192210e+03   7.7838448e+01  -9.4025635e-01
   1.5694122e+01   6.1064474e+01   9.5663315e+01   1.1954495e+02  -9.6084961e-01
   4.8404093e+01   1.2129073e+02   1.3873714e+02   1.6250792e+02  -9.6237623e-01
   9.0679389e+00   7.1570827e+02   1.2009240e+02   7.4759249e+02  -9.6375380e-01
