   1.0000000e+00   7.1261697e+02   1.2233484e+02   7.5267054e+02  -7.5728898e-01
   6.1695256e+02   5.1254178e+02   6.8393276e+02   5.6373996e+02  -7.8959851e-01
   3.3970066e+02   4.6694817e+02   4.6801061e+02   5.1254536e+02  -8.6768002e-01
   8.4802074e+02   5.9060419e+02   9.6923689e+02   6.9162175e+02  -9.0483465e-01
   2.6310692e+01   6.3666401e+02   1.3549330e+02   6.8650148e+02  -9.1973622e-01
   3.0719112e+02   4.4597227e+02   4.3719832e+02   4.9215742e+02  -9.4908449e-01
   9.2187159e+00   1.9617861e+02   1.2265389e+02   2.5686331e+02  -9.7213314e-01
   6.0419129e+00   5.0198608e+02   2.6705151e+02   7.2262631e+02  -9.8515691e-01
   1.0000000e+00   3.7349293e+02   7.1109791e+01   4.2650061e+02  -9.8845848e-01
   1.9206026e+02   2.2894738e+02   2.7386675e+02   2.9845573e+02  -9.9147172e-01
   6.6498926e+02   5.4786863e+02   7.4207297e+02   6.0171730e+02  -9.9994989e-01
