   8.5143325e+02   5.1311606e+02   9.9614675e+02   5.5770343e+02  -7.7309426e-01
   7.4622717e+02   4.3330407e+02   8.4143575e+02   4.6761085e+02  -8.2070989e-01
   1.0000000e+00   1.0000000e+00   1.0807983e+02   8.7227554e+01  -8.3919574e-01
   4.6684305e+01   1.2013766e+02   1.4036759e+02   1.6679245e+02  -8.6194482e-01
   1.6178098e+02   2.8003605e+00   2.4215123e+02   3.9030580e+01  -8.8663675e-01
   8.4531292e+02   3.7032508e+02   9.7834483e+02   4.1580376e+02  -9.1744781e-01
   1.7323179e+01   3.6508500e+02   8.2914805e+01   4.1525952e+02  -9.2768940e-01
   7.6733470e+02   4.6142899e+02   1.0240000e+03   5.7852534e+02  -9.3334514e-01
   7.8445636e+02   5.9507678e+02   9.0158409e+02   6.3972016e+02  -9.8037413e-01
   1.4231743e+02   4.0211008e+01   2.2352726e+02   8.1034943e+01  -9.9045405e-01
   6.2673032e+02   6.0158437e+02   7.0070076e+02   6.6009010e+02  -9.9050691e-01
