   9.6487478e+00   4.8890498e+02   2.6417241e+02   6.2432624e+02  -2.0730998e-01
   5.2490385e+00   3.7016706e+02   1.0303930e+02   4.1121398e+02  -6.8501492e-01
   5.2846404e+02   5.5642623e+02   6.0770400e+02   6.1302362e+02  -7.8532748e-01
   1.0000000e+00   5.6405118e+02   2.7958468e+02   6.9050879e+02  -8.0818375e-01
   8.7057110e+02   5.4231977e+02   9.3994595e+02   5.8848965e+02  -8.3211273e-01
   3.2862978e+01   3.1191760e+02   1.2716284e+02   3.5077343e+02  -8.6743139e-01
   1.5267626e+00   2.9276811e+02   8.5531709e+01   3.5516293e+02  -9.0136282e-01
   1.3415591e+01   6.9149953e+02   1.0391589e+02   7.6224760e+02  -9.0410479e-01
   8.5059047e+01   3.9336048e+02   1.7026162e+02   4.5951613e+02  -9.3420001e-01
   1.7082343e+00   1.6559934e+02   7.9844957e+01   2.2898039e+02  -9.4338865e-01
   1.0000000e+00   3.3499226e+02   1.6114903e+02   3.9610853e+02  -9.4698429e-01
   1.0000000e+00   4.5306400e+02   1.8188476e+02   5.2264312e+02  -9.7416336e-01
   5.2488479e+02   5.9196148e+02   6.5199600e+02   6.2570007e+02  -9.8984800e-01
   2.6993078e+02   3.3291490e+02   3.6716747e+02   4.2432450e+02  -9.9085850e-01
   3.2936608e+00   1.8803165e+02   9.8879951e+01   2.6699171e+02  -9.9466854e-01
   4.1586913e+02   4.2587593e+02   4.8240473e+02   4.8254756e+02  -9.9837303e-01
