   4.2680524e+00   4.6454610e+02   2.3302947e+02   5.8450470e+02  -1.0012761e-01
   1.0000000e+00   7.1234670e+02   1.2556536e+02   7.5242364e+02  -5.7786057e-01
   9.0139497e+02   5.3029181e+02   1.0240000e+03   5.7363211e+02  -6.4559200e-01
   4.7455101e+01   1.1895119e+02   1.3891945e+02   1.6830229e+02  -6.5816013e-01
   2.1495953e+01   2.0608536e+02   1.1739117e+02   2.4646116e+02  -8.0252111e-01
   1.0000000e+00   4.3440217e+02   7.2421450e+01   4.8706643e+02  -8.8923018e-01
   2.9287588e+02   5.2743185e+02   4.3886540e+02   6.4472240e+02  -8.9522341e-01
   3.7264318e+02   3.6053093e+02   4.3789441e+02   4.0899259e+02  -9.1069167e-01
   1.4342596e+02   1.8163004e+02   2.6672687e+02   2.3584290e+02  -9.4869257e-01
   1.0000000e+00   6.1588079e+01   9.9147856e+01   1.4515447e+02  -9.8569040e-01
   1.5518135e+02   3.2671359e+00   2.4086192e+02   3.8550878e+01  -9.9365627e-01
   8.6736227e+02   5.2349791e+02   1.0240000e+03   5.9389132e+02  -9.9592933e-01
   3.6826596e+01   6.0194246e+02   1.1102383e+02   6.6061054e+02  -9.9835738e-01
