   8.3974595e+01   4.7222312e+02   1.9761555e+02   5.5902430e+02   1.7049976e-01
   2.0836860e+01   4.6904026e+02   2.3890363e+02   5.6676402e+02  -4.4470447e-01
   1.2219975e+00   7.1241399e+02   1.1642350e+02   7.5214014e+02  -6.7347919e-01
   2.6341232e+01   6.3734536e+02   1.3694408e+02   6.8624086e+02  -7.8270040e-01
   1.6178098e+02   2.8003605e+00   2.4215123e+02   3.9030580e+01  -8.3550688e-01
   4.2824745e+01   1.1951819e+02   1.3900228e+02   1.6778892e+02  -9.2457371e-01
   1.1634931e+02   3.9945612e+02   1.8803557e+02   4.5604658e+02  -9.3701788e-01
   1.2073351e+02   3.8834544e+02   2.1705989e+02   4.2499681e+02  -9.4296633e-01
   2.9421936e+01   6.2314155e+01   9.4622925e+01   1.1073959e+02  -9.5132182e-01
   9.0530060e+02   1.2566059e+02   1.0191193e+03   2.1119452e+02  -9.5477195e-01
   8.4670437e+01   5.4373097e+02   1.5824293e+02   5.9648826e+02  -9.7137532e-01
   7.3704970e+02   5.3013311e+02   8.3149604e+02   5.9821639e+02  -9.8913223e-01
