   1.0000000e+00   4.5257843e+02   1.9428140e+02   6.0102934e+02   1.5673970e-01
   1.2220603e+02   3.8679447e+02   2.1542711e+02   4.2644128e+02  -4.8228665e-01
   3.1485035e+01   6.4255504e+02   1.3688909e+02   6.8570184e+02  -6.1319575e-01
   1.0000000e+00   7.1355115e+02   1.2326290e+02   7.4913525e+02  -6.1606861e-01
   8.5081962e+02   5.1204537e+02   1.0082153e+03   5.6346904e+02  -7.3507772e-01
   1.0000000e+00   6.6919954e+02   1.1084444e+02   7.1583004e+02  -7.9347914e-01
   1.6154240e+02   2.8601916e+00   2.4113097e+02   3.8891477e+01  -8.3274188e-01
   8.0481966e+01   6.4005798e+02   1.9903561e+02   6.8337573e+02  -8.6850367e-01
   2.8182106e+00   7.1930317e+01   6.6044411e+01   1.2950080e+02  -8.8288397e-01
   4.0113888e+02   5.7911731e+02   4.6481863e+02   6.2854955e+02  -9.2301731e-01
   1.4205967e+02   1.8854297e+02   2.3593492e+02   2.2941510e+02  -9.2544640e-01
   1.9433894e+02   2.3404557e+02   2.6648691e+02   2.9918003e+02  -9.3778674e-01
   5.1685693e+01   1.2046757e+02   1.3772986e+02   1.6160093e+02  -9.3813063e-01
   1.0000000e+00   1.0000000e+00   1.0748055e+02   8.4864299e+01  -9.7904467e-01
   4.7017012e+00   5.4827425e+02   1.7195890e+02   6.7440884e+02  -9.8395753e-01
   7.3722025e+02   5.2859755e+02   8.2655422e+02   5.9451087e+02  -9.8524284e-01
   1.1453638e+02   3.1020824e+02   1.7718993e+02   3.5787780e+02  -9.9204821e-01
   3.7017299e+02   2.8224022e+02   4.4538059e+02   3.3965348e+02  -9.9682759e-01
