   1.0000000e+00   7.1377616e+02   1.2346019e+02   7.5029642e+02  -5.0091233e-01
   4.2928088e+01   1.2098999e+02   1.3996416e+02   1.6373866e+02  -7.1744931e-01
   1.0000000e+00   6.7031287e+02   1.1415859e+02   7.1470497e+02  -7.2469624e-01
   6.1698071e+02   5.1213001e+02   6.8329126e+02   5.6364308e+02  -7.3754761e-01
   7.8333560e+02   5.3839419e+02   8.8476243e+02   5.6887143e+02  -8.6208290e-01
   8.5054483e+02   5.0907649e+02   1.0043550e+03   5.6235207e+02  -8.8024374e-01
   2.3519164e+01   6.4338981e+02   1.3415150e+02   6.8264663e+02  -8.9047096e-01
   7.4441591e+02   5.3711349e+02   8.2112952e+02   5.9378271e+02  -9.1329227e-01
   2.7842694e+02   5.4589012e+02   5.1376312e+02   7.1913070e+02  -9.2528449e-01
   1.0000000e+00   4.2493125e+02   8.8304163e+01   4.6171049e+02  -9.6952683e-01
   4.3427017e+02   4.5349639e+02   4.9582379e+02   5.0173442e+02  -9.6973536e-01
   3.5655413e+01   6.4080676e+01   9.7321517e+01   1.1247466e+02  -9.8626686e-01
   1.9114688e+02   2.2807576e+02   2.7258436e+02   2.9478087e+02  -9.9351615e-01
   8.4916641e+01   4.6921048e+02   1.7653197e+02   5.1465649e+02  -9.9457533e-01
   1.2206996e+02   3.8659347e+02   2.1560546e+02   4.2628545e+02  -9.9870908e-01
