   3.3797144e+00   4.6651823e+02   2.2484670e+02   5.7354533e+02  -2.0597065e-02
   5.7884123e+02   4.8674844e+02   6.5834236e+02   5.5176866e+02  -5.5799269e-01
   8.6469769e+02   4.1436338e+02   1.0240000e+03   4.9547882e+02  -5.6890200e-01
   1.0000000e+00   2.3310813e+02   8.7254114e+01   2.7201836e+02  -6.7521876e-01
   5.7145290e+02   4.5287839e+02   6.7642393e+02   5.3460534e+02  -7.2434148e-01
   8.8084901e+02   6.6474884e+02   9.8930605e+02   6.9562723e+02  -7.3261697e-01
   1.9821449e+00   3.5810610e+01   8.9400551e+01   1.0274764e+02  -7.3915662e-01
   9.1903540e+02   2.5693133e+02   1.0220824e+03   2.9555689e+02  -7.4821281e-01
   1.1457434e+02   3.7002046e+02   2.0713434e+02   4.4076192e+02  -8.5496394e-01
   3.6403962e+02   3.5004956e+02   4.3873359e+02   4.1391010e+02  -8.7001642e-01
   4.8080872e+02   5.7100043e+02   5.4586297e+02   6.1998506e+02  -9.1079587e-01
   1.1330249e+00   2.9073078e+02   8.9298935e+01   3.6165172e+02  -9.2508118e-01
   6.3716486e+02   6.5636559e+02   7.4488442e+02   7.3961533e+02  -9.2601125e-01
   8.6870954e+02   3.4901996e+02   1.0182769e+03   4.5443666e+02  -9.3770995e-01
   4.6580032e+01   6.2411622e+02   1.2338288e+02   6.8958129e+02  -9.4846483e-01
   1.8120560e+00   8.7277233e+01   5.9715727e+01   1.3586439e+02  -9.7064843e-01
