   8.1992231e+01   4.7184277e+02   1.9669598e+02   5.5543236e+02   1.4188884e-01
   1.0701227e+01   7.1515384e+02   1.1911477e+02   7.4842423e+02  -3.7548298e-01
   7.2603362e+01   4.4615378e+02   2.3084033e+02   5.7149669e+02  -7.4046289e-01
   1.0000000e+00   2.5939053e+02   8.3435865e+01   3.2484184e+02  -8.5800843e-01
   2.0842413e+00   3.7343435e+02   7.4216891e+01   4.2388127e+02  -8.8824558e-01
   6.0349597e+01   1.1858007e+02   1.2643214e+02   1.7313984e+02  -9.0335294e-01
   2.2479561e+01   1.1980179e+02   1.0977704e+02   1.9024980e+02  -9.3257161e-01
   1.2078267e+02   3.8786951e+02   2.2347381e+02   4.2898274e+02  -9.3544771e-01
   1.5694122e+01   6.1064474e+01   9.5663315e+01   1.1954495e+02  -9.3963419e-01
   2.6626164e+00   2.4931041e+01   6.3063441e+01   7.1849584e+01  -9.4096791e-01
   4.5023174e+01   4.0371809e+02   1.3723801e+02   4.4570453e+02  -9.5951610e-01
   4.4044978e+02   4.6999175e+02   5.0651426e+02   5.1199747e+02  -9.8428026e-01
   1.9576208e+02   2.4133333e+02   2.7207426e+02   2.9530551e+02  -9.9304897e-01
