   1.0000000e+00   4.8386987e+02   7.5645072e+01   5.4795533e+02  -4.3277768e-01
   2.7968074e+01   6.3537926e+02   1.3578117e+02   6.6963200e+02  -6.8674152e-01
   4.3077920e+02   4.6031383e+02   4.9651346e+02   5.0765613e+02  -7.6346577e-01
   1.2111032e+02   3.8881339e+02   2.1887079e+02   4.2505055e+02  -7.7408124e-01
   8.9961014e+02   5.3340386e+02   1.0240000e+03   5.7430731e+02  -7.9470847e-01
   3.1204268e+00   7.9017954e+01   6.7073669e+01   1.3008498e+02  -9.2965540e-01
   2.0923280e+02   5.1910083e+02   2.8649383e+02   5.7769836e+02  -9.5987087e-01
   9.4940577e+02   3.7518934e+02   1.0187447e+03   4.2564019e+02  -9.7427151e-01
   1.0000000e+00   1.0000000e+00   1.0807983e+02   8.7227554e+01  -9.9277519e-01
   2.7484152e+02   5.4561730e+02   5.0824403e+02   7.1711557e+02  -9.9812106e-01
