   1.4952827e+01   4.6948280e+02   2.2269915e+02   5.9214603e+02   2.4777068e-01
   1.3698705e+02   6.8023449e+02   2.4913127e+02   7.1470083e+02  -7.5158001e-01
   5.2955195e+01   1.1994109e+02   1.3632983e+02   1.6252084e+02  -8.4179428e-01
   8.4256459e+02   5.1599790e+02   9.5681442e+02   5.5660894e+02  -8.7057268e-01
   7.4708319e+00   6.4759236e+01   1.0535752e+02   1.4763774e+02  -9.1538443e-01
   6.1737745e+02   5.0926615e+02   6.8262374e+02   5.5865620e+02  -9.2398951e-01
   2.5312386e+01   1.2064222e+02   1.1061478e+02   1.9440092e+02  -9.4063469e-01
   9.5071932e+02   3.7684608e+02   1.0199548e+03   4.2589479e+02  -9.7183065e-01
   1.1845714e+02   3.7429286e+02   2.2154431e+02   4.5206072e+02  -9.7208189e-01
   8.5076459e+02   3.7229100e+02   9.3171232e+02   4.3134844e+02  -9.8093995e-01
   1.0000000e+00   6.4893251e+02   1.5090830e+02   7.0541244e+02  -9.8722573e-01
