   8.2855456e+02   4.2545546e+02   9.2914446e+02   4.5853850e+02  -6.4180368e-01
   1.2356363e+02   3.8852446e+02   2.1997057e+02   4.2539986e+02  -7.6741164e-01
   1.6431145e+00   7.1339719e+02   1.0454516e+02   7.4598015e+02  -8.1655311e-01
   3.6102417e+02   5.2815979e+02   4.3522223e+02   5.7753668e+02  -8.5149262e-01
   3.0382353e+01   6.4212024e+02   1.3601194e+02   6.8649199e+02  -9.2774220e-01
   1.5697873e+00   6.7082613e+02   1.0803462e+02   7.1177986e+02  -9.2995052e-01
   3.1891818e+01   7.1234609e+01   1.1262380e+02   1.1305367e+02  -9.3205495e-01
   2.8852817e+00   3.9879076e+02   6.7324155e+01   4.5346805e+02  -9.3831617e-01
   6.7078348e+02   5.4915746e+02   7.3898713e+02   5.9689314e+02  -9.4622532e-01
   7.4398575e+02   5.3184384e+02   8.4006624e+02   6.0202751e+02  -9.5682200e-01
   4.4751420e+02   6.7068673e+02   5.7129166e+02   7.6022032e+02  -9.8581050e-01
