   2.1697073e+00   4.9332114e+02   7.7762569e+01   5.4873509e+02  -3.6454761e-01
   1.6178098e+02   2.8003605e+00   2.4215123e+02   3.9030580e+01  -5.8254680e-01
   1.0000000e+00   6.7080515e+02   1.0380709e+02   7.1186555e+02  -6.0693518e-01
   8.3961105e+02   5.0885590e+02   1.0055015e+03   5.6571904e+02  -6.3638204e-01
   9.2368534e+01   4.6580962e+02   2.0980176e+02   5.1028032e+02  -7.9095259e-01
   1.2466156e+02   3.8679808e+02   2.1497839e+02   4.2003382e+02  -8.0809281e-01
   1.2156754e+02   3.9711802e+02   1.8623835e+02   4.4637606e+02  -8.2581751e-01
   1.0000000e+00   7.1551715e+02   1.0794454e+02   7.4744566e+02  -8.3282855e-01
   1.5124239e+00   4.7098869e+02   6.8696036e+01   5.1405215e+02  -8.4338151e-01
   8.5054203e+01   3.6308224e+02   1.8398322e+02   4.3821308e+02  -8.4967008e-01
   6.1554685e+02   5.1214685e+02   6.8280969e+02   5.6142634e+02  -8.6658105e-01
   5.7483886e+02   2.9474571e+02   6.3824854e+02   3.4601511e+02  -9.4648928e-01
   1.0196773e+00   2.7257040e+02   9.7113702e+01   3.2723317e+02  -9.6688874e-01
   1.1319123e+02   7.1442249e+02   2.2470850e+02   7.4545595e+02  -9.7887892e-01
   4.3082549e+02   4.6032390e+02   4.9682051e+02   5.0656364e+02  -9.8365134e-01
   3.2036832e+02   5.5156578e+02   5.1644137e+02   6.9874519e+02  -9.9739944e-01
