   3.1068938e+01   4.7342646e+02   1.3906754e+02   5.2194903e+02   4.6350702e-02
   1.4465640e+02   1.8227560e+02   2.6099863e+02   2.2654884e+02  -7.3355981e-01
   1.0000000e+00   4.6906096e+02   1.6982373e+02   5.3256895e+02  -7.8555398e-01
   6.8683832e+01   5.1855317e+02   2.2154122e+02   5.8165579e+02  -8.2840315e-01
   1.0000000e+00   1.0000000e+00   1.0758482e+02   8.1353845e+01  -8.4218275e-01
   5.4719535e+02   4.4493902e+02   6.1642231e+02   4.9745830e+02  -8.4968830e-01
   6.3199479e+01   1.2057727e+02   1.2321252e+02   1.7028432e+02  -8.7027135e-01
   5.3508833e+01   1.4753522e+02   1.3746527e+02   1.8400835e+02  -8.9560829e-01
   8.9416460e+02   5.0495247e+02   1.0217688e+03   5.9585019e+02  -8.9582690e-01
   1.0000000e+00   7.1560849e+02   1.3190274e+02   7.6434525e+02  -9.5110158e-01
   3.5733714e+02   4.0212287e+02   4.3591138e+02   4.5606268e+02  -9.7882937e-01
