   1.0000000e+00   6.7035379e+02   1.1248323e+02   7.1320206e+02  -4.7211086e-01
   1.5949196e+02   3.0699413e+00   2.4112511e+02   3.8704658e+01  -7.5133152e-01
   8.2919917e+02   3.4734261e+02   9.7119505e+02   4.1406923e+02  -8.2238213e-01
   1.2357930e+02   3.8717330e+02   2.1778688e+02   4.2546167e+02  -8.7580917e-01
   1.0000000e+00   7.1201524e+02   1.1558324e+02   7.4911686e+02  -9.1132544e-01
   8.5478800e+00   5.0511242e+02   2.5850602e+02   7.1048705e+02  -9.1164618e-01
   4.3507248e+02   4.5411037e+02   4.9461548e+02   5.0406477e+02  -9.3562676e-01
   3.4456116e+01   5.6300684e+01   9.4314588e+01   1.0653845e+02  -9.7938397e-01
   6.6758462e+02   5.5355029e+02   7.4275786e+02   6.0209725e+02  -9.8118767e-01
   1.0000000e+00   1.0000000e+00   1.0693446e+02   8.2940256e+01  -9.9058417e-01
   4.0141303e+00   2.8299037e+02   1.0374050e+02   3.6735206e+02  -9.9402661e-01
