   8.4212770e+01   4.6996357e+02   1.9614222e+02   5.5726070e+02   3.5457043e-02
   1.0000000e+00   5.4578791e+02   1.0490443e+02   5.8702235e+02  -3.4665640e-01
   8.3890688e+02   5.1092092e+02   9.5749731e+02   5.5769008e+02  -5.8252256e-01
   7.8936683e+01   4.5481386e+02   2.4637492e+02   5.7395605e+02  -6.1503434e-01
   1.6154240e+02   2.8601916e+00   2.4113097e+02   3.8891477e+01  -7.6869121e-01
   1.0000000e+00   7.1895642e+02   1.1442322e+02   7.5440242e+02  -9.0824658e-01
   7.0206581e+02   3.9237342e+02   8.0055444e+02   4.5853258e+02  -9.3222407e-01
   1.7518158e+00   4.2158191e+02   2.6126417e+02   6.0873790e+02  -9.5109127e-01
   3.9813411e+01   1.1839643e+02   1.3845959e+02   1.6866859e+02  -9.5144690e-01
   1.2466156e+02   3.8679808e+02   2.1497839e+02   4.2003382e+02  -9.5401183e-01
   8.0650221e+02   3.5455166e+02   9.5281628e+02   4.0486701e+02  -9.8878657e-01
   7.4576864e+02   5.3031668e+02   8.3017529e+02   5.9175103e+02  -9.8945668e-01
   3.4825944e+01   5.9563226e+02   1.2925239e+02   6.6610660e+02  -9.9630227e-01
