   7.6545478e+01   4.6176759e+02   2.1127702e+02   5.5880779e+02   2.0547574e-02
   4.4221137e+02   4.7622237e+02   5.0196832e+02   5.2358101e+02  -6.5333034e-01
   1.0000000e+00   7.2114690e+02   1.0393578e+02   7.5701881e+02  -7.4511183e-01
   4.6070901e+02   3.2913022e+02   1.0199229e+03   7.5240763e+02  -7.6540532e-01
   7.9780889e+01   3.4755936e+02   1.7092938e+02   3.8154235e+02  -7.7532397e-01
   2.7417448e+00   5.1651887e+02   1.0355507e+02   5.9191145e+02  -9.0554734e-01
   3.7686213e+00   4.5823864e+02   9.1674557e+01   5.2356807e+02  -9.4194873e-01
   4.6895614e+01   1.2172095e+02   1.4069937e+02   1.6272338e+02  -9.6071090e-01
   8.9698984e+02   2.7625965e+02   9.7138371e+02   3.3524737e+02  -9.6288896e-01
   1.4269693e+02   4.0029798e+01   2.2354537e+02   8.1553799e+01  -9.7621241e-01
   3.2844665e+02   6.2431815e+02   4.2873991e+02   7.0030524e+02  -9.8605767e-01
   3.4207600e+02   5.2720474e+02   4.0972174e+02   5.8154562e+02  -9.9044740e-01
   3.5830311e+02   4.0263186e+02   4.3388837e+02   4.5874929e+02  -9.9690215e-01
   1.0852731e+01   6.0979360e+02   1.3409982e+02   6.6376092e+02  -9.9833012e-01
   1.0000000e+00   3.9852506e+01   5.9893570e+01   8.5809773e+01  -9.9966821e-01
