   2.0276953e+01   6.5660373e+01   9.3169375e+01   1.0622037e+02  -6.7119210e-01
   1.0000000e+00   6.7163384e+02   1.0644013e+02   7.1173955e+02  -7.2686521e-01
   1.0000000e+00   7.1862053e+02   1.0971566e+02   7.5433776e+02  -7.3251437e-01
   1.9058398e+02   2.3065278e+02   2.7205783e+02   2.9386713e+02  -7.8419249e-01
   3.7238625e+02   3.5970765e+02   4.3464332e+02   4.0998450e+02  -8.3892085e-01
   5.1470236e+01   1.2103896e+02   1.4039903e+02   1.6249145e+02  -8.4311606e-01
   8.4111427e+02   5.0959405e+02   1.0037188e+03   5.6520647e+02  -8.5444880e-01
   3.1270009e+01   6.4105112e+02   1.2881777e+02   6.8118632e+02  -8.7299124e-01
   8.1736782e+00   1.9255311e+02   1.2194289e+02   2.5438414e+02  -8.7652882e-01
   4.0461011e+00   7.7391817e+01   6.9326682e+01   1.3142588e+02  -9.3497010e-01
   3.2956060e+00   2.7736792e+02   1.1103373e+02   3.6092069e+02  -9.3963519e-01
   7.3662972e+02   5.2925005e+02   8.2568951e+02   5.9556202e+02  -9.8249463e-01
   5.2162514e+02   6.0448057e+02   5.9222481e+02   6.5367372e+02  -9.8629867e-01
   9.5951592e+02   5.9013381e+01   1.0206338e+03   1.0882851e+02  -9.9192671e-01
   8.5979250e+02   5.2527396e+02   1.0240000e+03   5.9306264e+02  -9.9287074e-01
   5.6253875e+01   6.0703185e+02   1.2451135e+02   6.6230625e+02  -9.9711558e-01
