   8.3175053e+01   4.7127380e+02   1.9638753e+02   5.5531020e+02  -7.4169672e-02
   7.0847741e+01   4.6982288e+02   2.6314125e+02   5.7107605e+02  -5.6450832e-01
   1.0000000e+00   7.1437259e+02   1.1761967e+02   7.5190583e+02  -6.9926440e-01
   8.4319828e+02   5.7605684e+02   9.1441119e+02   6.2172112e+02  -8.5977258e-01
   3.3177860e+01   6.3172258e+02   1.3814773e+02   6.7405303e+02  -9.1057910e-01
   1.2530646e+02   3.7770828e+02   2.1837109e+02   4.1663386e+02  -9.4817361e-01
   7.7405605e+02   5.4834876e+02   8.6909921e+02   6.1043013e+02  -9.5528504e-01
   8.0667981e+02   5.5497939e+02   9.1995018e+02   6.4191113e+02  -9.6026611e-01
   9.0281656e+02   2.6963121e+02   9.7058829e+02   3.2552482e+02  -9.6175561e-01
   3.5835391e+02   3.9883910e+02   4.3172913e+02   4.5748582e+02  -9.7183569e-01
   1.0000000e+00   3.9530682e+02   6.4694781e+01   4.4612316e+02  -9.7628355e-01
   6.5173776e+01   1.2014780e+02   1.2380408e+02   1.7100336e+02  -9.7853766e-01
   1.0000000e+00   1.0000000e+00   1.0764555e+02   8.6822202e+01  -9.8293874e-01
   3.4721879e+01   6.5745581e+01   9.6520666e+01   1.1175014e+02  -9.9600468e-01
