   8.3974595e+01   4.7222312e+02   1.9761555e+02   5.5902430e+02   1.6623705e-01
   3.2057233e+01   6.3378844e+02   1.4536105e+02   6.7943497e+02  -7.4363036e-01
   6.0733207e+00   4.5769632e+02   2.0743234e+02   5.5055706e+02  -7.4516948e-01
   1.0000000e+00   7.1313640e+02   1.2572921e+02   7.5193450e+02  -8.0285759e-01
   4.6764614e+01   1.2022278e+02   1.4046388e+02   1.6670827e+02  -8.3824457e-01
   1.5539109e+02   3.4894408e+00   2.4111339e+02   3.8331022e+01  -8.4342474e-01
   8.9614063e+02   4.2005845e+02   1.0213973e+03   5.0886650e+02  -8.6772906e-01
   1.5694122e+01   6.1064474e+01   9.5663315e+01   1.1954495e+02  -8.8538004e-01
   8.4499811e+02   3.7040403e+02   9.7699858e+02   4.1562021e+02  -8.8813111e-01
   9.4584271e+02   3.7413447e+02   1.0240000e+03   4.2817420e+02  -9.4017733e-01
   3.7238247e+02   3.5998714e+02   4.3491065e+02   4.1023403e+02  -9.5343807e-01
   1.0000000e+00   6.7053386e+02   1.1039030e+02   7.1419120e+02  -9.5390997e-01
   3.5884124e+02   4.0344589e+02   4.3519653e+02   4.5776521e+02  -9.8107388e-01
   2.2806629e+00   3.9357481e+02   7.8447503e+01   4.5171489e+02  -9.9030852e-01
   3.0904563e+02   5.6339621e+02   4.3406338e+02   6.0817278e+02  -9.9372702e-01
