   6.0329754e+02   4.1704263e+02   8.1261439e+02   4.9125627e+02  -6.7406250e-03
   8.2469341e+01   4.7156878e+02   1.9750374e+02   5.5750560e+02  -4.9729183e-02
   5.7873497e+02   3.9387111e+02   1.0240000e+03   5.8303492e+02  -2.3448039e-01
   1.0000000e+00   7.1312056e+02   1.2075923e+02   7.5206079e+02  -5.8727351e-01
   3.1019424e+02   3.4720682e+02   1.0017752e+03   6.9971601e+02  -5.9934781e-01
   8.6248181e+02   2.5301639e+02   1.0240000e+03   3.2622648e+02  -7.8721043e-01
   1.4435717e+02   5.1262849e+02   2.5837404e+02   5.5403843e+02  -7.9508387e-01
   3.1256298e+01   6.4295906e+02   1.3109462e+02   6.8041846e+02  -8.1256745e-01
   2.4803998e+00   5.1745089e+02   1.0443264e+02   5.9206634e+02  -8.7697799e-01
   6.6972752e+01   4.5879836e+02   2.2505975e+02   5.9604901e+02  -8.8226571e-01
   1.0000000e+00   6.8101178e+02   9.7177086e+01   7.1315891e+02  -8.8310678e-01
   4.7638753e+01   1.2050811e+02   1.3997762e+02   1.6416786e+02  -8.8804027e-01
   1.6133266e+02   2.6378867e+00   2.4087949e+02   3.9111333e+01  -9.4711821e-01
   1.2318682e+02   3.8805651e+02   2.1815967e+02   4.2534613e+02  -9.7591464e-01
