   1.0000000e+00   4.7727801e+02   1.2056704e+02   5.3016444e+02   1.6322104e+00
   8.3997368e+02   5.1031617e+02   1.0001155e+03   5.6506490e+02  -7.6560889e-01
   4.8615924e+00   4.7924413e+02   1.7778305e+02   5.5643801e+02  -7.9326897e-01
   3.4111282e+00   7.4376184e+01   6.7253676e+01   1.3079927e+02  -8.3076832e-01
   1.0000000e+00   6.7188863e+02   1.0952911e+02   7.1089905e+02  -8.8600736e-01
   1.1529734e+02   5.4963225e+02   2.1344413e+02   5.8519443e+02  -8.9018876e-01
   1.3248987e+02   1.8412689e+02   2.6524298e+02   2.3707037e+02  -9.1162079e-01
   1.0089559e+01   7.1652957e+02   1.2125634e+02   7.4717288e+02  -9.1459129e-01
   4.8627443e+01   1.1819033e+02   1.3795274e+02   1.6939122e+02  -9.1564249e-01
   3.6711336e+02   4.2540535e+02   4.3411677e+02   4.7822521e+02  -9.5547067e-01
   5.9832441e+02   5.0677855e+02   6.8751127e+02   5.6744969e+02  -9.6050889e-01
   9.1861696e+02   4.2247661e+02   1.0240000e+03   5.0316803e+02  -9.6095173e-01
   3.1440960e+01   6.4252441e+02   1.4000362e+02   6.8458130e+02  -9.7822953e-01
   1.2225259e+02   5.4364911e+02   2.4307347e+02   6.3565483e+02  -9.8073977e-01
   1.6641811e+02   7.1515278e+02   2.3888118e+02   7.6373792e+02  -9.8639772e-01
   7.4187914e+02   5.2956111e+02   8.2310084e+02   5.9011398e+02  -9.8907884e-01
   1.5364157e+02   4.6476936e+02   2.4797177e+02   5.0201921e+02  -9.9628041e-01
