   7.6430546e+01   4.6970013e+02   1.9547958e+02   5.6356518e+02  -4.3447150e-01
   1.0000000e+00   5.4599863e+02   1.0433230e+02   5.8691196e+02  -5.9255007e-01
   1.3715942e+02   5.1455155e+02   2.7480208e+02   5.5950967e+02  -6.0430621e-01
   8.4286872e+02   5.1354125e+02   9.5689039e+02   5.5723098e+02  -6.1054053e-01
   4.7449645e+01   1.2092028e+02   1.3912712e+02   1.6513251e+02  -7.8585282e-01
   1.0000000e+00   6.7151801e+02   1.0900064e+02   7.1205553e+02  -7.9628187e-01
   1.0000000e+00   4.6901687e+02   2.3284762e+02   5.9221406e+02  -8.2139693e-01
   6.6807319e+02   5.6385231e+02   7.4130157e+02   6.1499267e+02  -9.2052330e-01
   5.6776506e+01   6.0821255e+02   1.2413423e+02   6.6228481e+02  -9.2802395e-01
   2.7081786e+00   4.0143836e+02   9.4675737e+01   4.3901315e+02  -9.2961231e-01
   8.7117262e+02   3.7612410e+02   9.7296935e+02   4.1106316e+02  -9.4623043e-01
   1.0000000e+00   7.1278981e+02   1.2483092e+02   7.5476581e+02  -9.4830667e-01
   2.7051098e+01   6.3252616e+02   1.3517850e+02   6.7448502e+02  -9.5526056e-01
   4.3255398e+00   4.3442593e+02   7.9502012e+01   4.9618678e+02  -9.5590671e-01
   2.5958832e+01   1.2140423e+02   1.1110155e+02   1.9632048e+02  -9.5873201e-01
   3.6897076e+02   3.4341297e+02   4.3802612e+02   3.9188439e+02  -9.6250942e-01
   3.7017705e+02   2.8194067e+02   4.4509408e+02   3.3938604e+02  -9.8649267e-01
   8.9330503e+02   5.0443361e+02   1.0215919e+03   5.9375177e+02  -9.8748637e-01
   1.0000000e+00   2.3454602e+01   5.5902391e+01   7.2631357e+01  -9.9200028e-01
   2.8624465e+01   2.0716287e+02   1.0420292e+02   2.6807816e+02  -9.9538354e-01
