   5.4615625e+01   4.6613501e+02   1.3455898e+02   5.2558593e+02  -6.5826484e-01
   1.0000000e+00   5.3418007e+02   1.2791976e+02   5.8339450e+02  -6.9571657e-01
   1.0000000e+00   7.1019103e+02   1.1915454e+02   7.5137051e+02  -7.2881390e-01
   1.0000000e+00   4.6743011e+02   1.5348791e+02   6.1760218e+02  -7.7971548e-01
   2.7312903e+01   6.4435320e+02   1.3959798e+02   6.8454758e+02  -7.8824370e-01
   8.6095504e+02   5.2343907e+02   1.0240000e+03   5.9407674e+02  -8.6345642e-01
   8.3093016e+02   3.4691155e+02   9.5240460e+02   4.1608594e+02  -9.3965306e-01
   6.4884742e+01   1.2055177e+02   1.3035022e+02   1.6783298e+02  -9.6598094e-01
   1.0000000e+00   5.5406523e+02   2.8758178e+02   7.6479980e+02  -9.7628219e-01
   1.6664799e+00   3.7331628e+02   7.4831592e+01   4.2839113e+02  -9.8328544e-01
