   8.5891132e+01   4.6775852e+02   1.9533870e+02   5.5799573e+02  -5.3484374e-01
   1.0000000e+00   6.7162429e+02   1.1373375e+02   7.1011864e+02  -5.9263325e-01
   4.2037926e+02   4.5123464e+02   4.8522287e+02   5.0366494e+02  -7.6834553e-01
   8.4244681e+02   5.1005858e+02   9.9592305e+02   5.6399744e+02  -8.3777891e-01
   1.2151266e+02   3.8792608e+02   2.1610053e+02   4.2509353e+02  -9.0123819e-01
   5.0544563e+01   1.1985906e+02   1.3850195e+02   1.6422441e+02  -9.2648032e-01
   1.0000000e+00   1.0000000e+00   1.0807983e+02   8.7227554e+01  -9.3217097e-01
   8.9331161e+02   5.0394700e+02   1.0211265e+03   5.9331732e+02  -9.7103121e-01
   1.2970294e+01   4.5882405e+02   2.2868092e+02   5.5011585e+02  -9.7936604e-01
   3.6811761e+02   2.7995121e+02   4.4376028e+02   3.3982800e+02  -9.9724010e-01
