   1.0000000e+00   7.1469941e+02   1.1756846e+02   7.5232467e+02  -5.4706655e-01
   2.4650355e+01   5.9862661e+02   1.8906778e+02   6.6626345e+02  -8.0747761e-01
   8.6360145e+02   5.2280189e+02   1.0240000e+03   5.9660058e+02  -8.6272368e-01
   4.2699918e+01   1.2077083e+02   1.4032958e+02   1.6502424e+02  -8.6390992e-01
   1.1831248e+02   3.7061369e+02   2.1946017e+02   4.5154119e+02  -8.7455555e-01
   1.6210298e+02   2.9886428e+00   2.4126131e+02   3.8990349e+01  -8.9066173e-01
   7.3817350e+02   5.2993811e+02   8.2857695e+02   5.9569531e+02  -9.0817057e-01
   3.5255788e+02   4.1491820e+02   4.3712291e+02   4.7033144e+02  -9.3331772e-01
   2.6546357e+00   2.0535743e+02   1.1480810e+02   2.9405832e+02  -9.8942145e-01
   3.7017299e+02   2.8224022e+02   4.4538059e+02   3.3965348e+02  -9.9087105e-01
   1.0000000e+00   1.0000000e+00   1.0774982e+02   8.3311748e+01  -9.9286863e-01
