   1.0000000e+00   3.9248618e+02   6.3882871e+02   7.1047985e+02   4.4298638e-01
   4.2053949e+01   1.2070466e+02   1.4045042e+02   1.6627907e+02  -7.6661320e-01
   6.3796994e+02   6.0091331e+02   7.5364936e+02   6.4494411e+02  -8.3596979e-01
   8.8877498e+02   5.1543237e+02   9.5056939e+02   5.6762691e+02  -8.7644160e-01
   9.1285213e+02   4.4367893e+02   1.0202402e+03   4.8551210e+02  -8.8907683e-01
   1.3542806e+02   3.5599760e+02   1.9703796e+02   4.0646528e+02  -9.5067634e-01
   1.7910033e+01   2.2353033e+02   1.0196089e+02   2.8393233e+02  -9.5641726e-01
   8.2892402e+02   3.4760523e+02   9.6926934e+02   4.1418984e+02  -9.6967446e-01
   8.8908988e+01   3.4148111e+02   1.5195059e+02   3.9198488e+02  -9.7972625e-01
   1.0000000e+00   1.0000000e+00   1.0764555e+02   8.6822202e+01  -9.8347766e-01
