   8.3091979e+01   4.7172149e+02   1.9691595e+02   5.5896853e+02   2.4092572e-01
   2.0219813e+01   4.6839302e+02   2.3990881e+02   5.6719406e+02  -4.5443074e-01
   1.2123066e+02   3.8752819e+02   2.1885469e+02   4.2485443e+02  -6.0191793e-01
   3.7235332e+02   3.6037942e+02   4.3517573e+02   4.0976111e+02  -6.4768639e-01
   1.1841003e+02   6.7392201e+02   2.0576738e+02   7.3284296e+02  -9.0358772e-01
   1.6221460e+02   2.7412761e+00   2.4244798e+02   3.8984060e+01  -9.6027420e-01
   4.4113755e+02   4.5976953e+02   5.0608540e+02   5.0888157e+02  -9.8123802e-01
   3.7017299e+02   2.8224022e+02   4.4538059e+02   3.3965348e+02  -9.8499885e-01
   1.5669672e+02   6.7191525e+02   2.6699245e+02   7.0325570e+02  -9.8926368e-01
   1.0000000e+00   7.1302304e+02   1.2722192e+02   7.5156543e+02  -9.9378025e-01
