   9.2407382e+00   4.8589668e+02   2.1440786e+02   5.8979817e+02  -8.5530341e-02
   1.5279486e+01   4.7406236e+02   3.3109926e+02   6.3496949e+02  -1.8556770e-01
   6.5397602e+00   5.8406774e+02   2.3494268e+02   6.9498117e+02  -5.3037420e-01
   6.9280880e+02   5.3845321e+02   1.0240000e+03   6.7769092e+02  -5.4802012e-01
   4.4623790e+00   3.3322843e+02   1.5715411e+02   3.9954083e+02  -7.5160810e-01
   2.9207221e+01   7.8734072e+01   1.1460016e+02   1.2236728e+02  -8.8721070e-01
   2.8721160e+02   6.4192814e+02   3.8738319e+02   6.7307796e+02  -9.0311722e-01
   1.0000000e+00   1.7353749e+02   7.0870527e+01   2.3137928e+02  -9.4304100e-01
   8.9844696e+02   4.8155392e+02   1.0068354e+03   5.1422762e+02  -9.4328661e-01
   1.7671241e+00   1.2017066e+02   6.5600899e+01   1.6864363e+02  -9.9558550e-01
   5.9557095e+00   5.5624459e+02   2.5077129e+02   7.6464111e+02  -9.9638474e-01
