   1.2175340e+02   3.8819304e+02   2.1808978e+02   4.2499144e+02  -3.5513641e-01
   5.3594986e+01   1.1960647e+02   1.3746948e+02   1.6497592e+02  -3.9885866e-01
   1.0000000e+00   7.1175828e+02   1.2090015e+02   7.5222682e+02  -4.0454649e-01
   7.4767026e+00   1.9618463e+02   1.2202320e+02   2.5705009e+02  -7.6000026e-01
   2.1059598e+00   6.7039904e+02   1.0843063e+02   7.1082738e+02  -8.4635884e-01
   2.7401053e+01   6.3498689e+02   1.4690662e+02   6.7792391e+02  -8.5435551e-01
   9.1911674e+02   4.2797348e+02   1.0240000e+03   5.1956433e+02  -8.5957849e-01
   3.7012680e+00   4.3287307e+02   1.0418204e+02   5.0458827e+02  -9.1746930e-01
   8.3931296e+02   5.1438867e+02   9.5627317e+02   5.5680116e+02  -9.6018644e-01
   9.0530060e+02   1.2566059e+02   1.0191193e+03   2.1119452e+02  -9.6899520e-01
   6.3579850e+00   5.9378644e+01   9.5253954e+01   1.0789710e+02  -9.6899713e-01
   3.7017299e+02   2.8224022e+02   4.4538059e+02   3.3965348e+02  -9.7917136e-01
   1.1831248e+02   3.7061369e+02   2.1946017e+02   4.5154119e+02  -9.8296964e-01
   3.7962382e+00   4.0004575e+02   6.8415541e+01   4.5193568e+02  -9.8374765e-01
   3.3198232e+02   6.2557418e+02   4.2311493e+02   6.9725437e+02  -9.8643879e-01
