   8.3491341e+01   4.7295115e+02   1.9724207e+02   5.5735640e+02   2.3397007e-01
   7.5140776e+01   4.5032704e+02   2.5786241e+02   5.9075840e+02  -6.8780120e-01
   6.0872312e+00   5.1654315e+02   1.0435755e+02   5.9124498e+02  -7.4080664e-01
   3.5851341e+02   4.0343157e+02   4.3375082e+02   4.5894062e+02  -8.0167900e-01
   8.4283318e+02   5.1627963e+02   9.5637690e+02   5.5642176e+02  -8.1886686e-01
   7.3726548e+01   3.4743900e+02   1.7072999e+02   3.8164339e+02  -8.4424869e-01
   3.7064896e+02   2.8026915e+02   4.4465496e+02   3.3959034e+02  -8.9113851e-01
   7.0469448e+02   3.9394381e+02   8.0306753e+02   4.6301546e+02  -8.9792376e-01
   1.5437051e+02   4.1518140e+00   2.4195496e+02   3.7383054e+01  -9.5458233e-01
   8.1264725e+02   3.4784705e+02   9.4453261e+02   4.1371747e+02  -9.5863468e-01
   1.6914609e+01   2.0414614e+02   1.1753114e+02   2.4611576e+02  -9.6236259e-01
   3.7284702e+02   3.6067743e+02   4.3527730e+02   4.1096634e+02  -9.6748407e-01
   3.4935209e+02   4.3969577e+02   4.2815864e+02   4.9782681e+02  -9.7109092e-01
