   7.1730411e+00   4.4861553e+02   2.1908642e+02   6.2341186e+02   1.3478540e-01
   1.4134677e+01   4.7979619e+02   3.4244818e+02   6.6203415e+02  -6.1969478e-01
   9.0245980e+02   4.9447267e+02   1.0240000e+03   5.4429820e+02  -7.8823078e-01
   7.7594885e+02   5.0134450e+02   1.0184451e+03   6.0246669e+02  -8.3174779e-01
   9.0516107e+02   2.3956852e+01   9.8921841e+02   9.1925210e+01  -8.6712766e-01
   4.7498847e+00   4.5558058e+01   1.1311440e+02   1.0474966e+02  -8.8377071e-01
   6.3750473e+02   4.6832012e+02   7.4528808e+02   5.5853530e+02  -9.1498765e-01
   2.2588686e+00   5.6947282e+02   2.7002926e+02   7.6800000e+02  -9.3526907e-01
   1.3240357e+00   1.4474618e+02   7.6716229e+01   2.1009979e+02  -9.4624357e-01
   3.2994214e+02   5.3145801e+02   3.9466607e+02   5.7742303e+02  -9.7761989e-01
   9.2666358e+01   3.8109788e+02   1.6693643e+02   4.3759944e+02  -9.8151641e-01
   1.4293324e+00   2.7261207e+02   8.3933809e+01   3.3655530e+02  -9.8353866e-01
   7.8630829e+02   1.1155264e+02   8.5057562e+02   1.5909974e+02  -9.9838657e-01
