   1.3239810e+01   4.9031192e+02   2.6391791e+02   6.2542538e+02  -1.2289455e-04
   6.0912367e+00   5.7940721e+02   2.4796390e+02   7.0260170e+02  -5.9315920e-01
   2.4685895e+00   9.7790382e+01   1.2202642e+02   1.5545851e+02  -6.3757489e-01
   1.5803979e+00   2.0028201e+02   8.4848085e+01   2.4126466e+02  -6.3838071e-01
   3.9347166e+02   7.1792760e+02   5.1211919e+02   7.5364771e+02  -6.7289348e-01
   9.2415038e+02   5.1934426e+02   1.0240000e+03   5.9055905e+02  -8.7045609e-01
   4.2288406e+02   1.1797869e+02   5.2709838e+02   1.6591239e+02  -9.0152123e-01
   4.7904501e+02   5.7812757e+02   5.9092422e+02   6.1863949e+02  -9.2171547e-01
   9.3053028e+02   3.2222953e+01   1.0120131e+03   1.0913771e+02  -9.7756609e-01
   6.3354411e+01   2.7593330e+02   1.4503812e+02   3.3554842e+02  -9.8134084e-01
