   1.1473447e+02   3.8665873e+02   2.1899555e+02   4.3051105e+02  -4.2229411e-01
   3.7106114e+02   3.6046429e+02   4.3549416e+02   4.1302858e+02  -7.0599714e-01
   6.0835097e+01   5.0233627e+02   1.3380366e+02   5.5781786e+02  -7.4686402e-01
   6.9571137e+02   3.5992848e+02   1.0225270e+03   5.0399707e+02  -7.6986504e-01
   8.6097234e+02   5.2551973e+02   1.0240000e+03   5.9088741e+02  -7.7442887e-01
   1.1739696e+02   5.4428939e+02   2.2203298e+02   5.8358069e+02  -8.1108521e-01
   1.0897641e+02   3.6004753e+02   1.9626865e+02   4.0155180e+02  -8.1883280e-01
   2.9796532e+00   2.7717114e+02   1.1751412e+02   3.5942108e+02  -8.4251741e-01
   4.3788457e+02   4.6091980e+02   5.0393719e+02   5.0789415e+02  -8.5432361e-01
   3.1400172e+02   4.2823727e+02   4.1299729e+02   4.6977033e+02  -8.8914446e-01
   9.3522863e+01   4.6419009e+02   1.8702054e+02   5.0184697e+02  -9.0716696e-01
   1.9686850e+02   5.9431171e+02   2.8496487e+02   6.6315836e+02  -9.3252617e-01
   1.0000000e+00   5.0491832e+02   1.5560117e+02   5.8430190e+02  -9.4269165e-01
   6.4884742e+01   1.2055177e+02   1.3035022e+02   1.6783298e+02  -9.6114238e-01
   4.0321336e+01   1.8923793e+02   1.1712120e+02   2.5196463e+02  -9.7880954e-01
   8.3281709e+02   2.4007468e+02   9.0224517e+02   2.9130027e+02  -9.8441467e-01
