   4.5073531e+00   4.6487717e+02   2.4370620e+02   5.7925413e+02   1.2900461e-01
   1.2379219e+02   3.8737778e+02   2.1744593e+02   4.2426218e+02  -5.1118454e-01
   4.6912475e+01   1.2035682e+02   1.4000217e+02   1.6550687e+02  -6.5003932e-01
   3.3803335e+01   6.4281952e+02   1.3853687e+02   6.8542208e+02  -6.8139191e-01
   3.1081744e+00   7.9255064e+01   6.6042938e+01   1.2933753e+02  -8.7917850e-01
   3.7132185e+02   3.6100808e+02   4.3847793e+02   4.1178715e+02  -8.8763803e-01
   2.5312386e+01   1.2064222e+02   1.1061478e+02   1.9440092e+02  -9.0196424e-01
   8.3873723e+02   5.1378478e+02   9.5721103e+02   5.5720239e+02  -9.1320395e-01
   1.6154240e+02   2.8601916e+00   2.4113097e+02   3.8891477e+01  -9.2132896e-01
   3.2456774e+02   6.2015830e+02   4.3168280e+02   6.9783383e+02  -9.2741108e-01
   1.0000000e+00   7.1294343e+02   1.1846334e+02   7.5163411e+02  -9.4743330e-01
   8.6360145e+02   5.2280189e+02   1.0240000e+03   5.9660058e+02  -9.7286745e-01
