   1.0233266e+00   4.6488923e+02   2.4244484e+02   5.7962769e+02  -1.1316417e-01
   1.0000000e+00   7.1352959e+02   1.3029543e+02   7.6409959e+02  -7.9876451e-01
   1.2171569e+02   3.8813467e+02   2.1815705e+02   4.2396660e+02  -8.4623030e-01
   3.5312508e+00   7.7562816e+01   6.6691397e+01   1.3026283e+02  -8.6181640e-01
   7.8333529e+01   6.4377745e+02   1.9879287e+02   6.8390527e+02  -8.6877446e-01
   9.2145436e+02   5.3508718e+02   1.0240000e+03   5.7152665e+02  -9.3399629e-01
   3.6816455e+02   4.2045057e+02   4.3349352e+02   4.7185597e+02  -9.5872284e-01
   1.2112983e+02   3.7229679e+02   2.2215364e+02   4.5634583e+02  -9.6588500e-01
   8.4531292e+02   3.7032508e+02   9.7834483e+02   4.1580376e+02  -9.6724750e-01
   3.7712737e+02   5.2272216e+02   4.5120482e+02   5.7317652e+02  -9.8986325e-01
   5.1853574e+01   6.3168187e+02   1.2521489e+02   6.7935726e+02  -9.9783378e-01
