   8.3716425e+02   3.6583832e+02   9.5889879e+02   4.0719392e+02  -7.3391792e-01
   5.8342028e+02   5.1323975e+02   6.9030157e+02   5.4706799e+02  -7.5322021e-01
   2.4411901e+00   4.0062983e+02   6.8001191e+01   4.5352696e+02  -7.5480010e-01
   2.0004691e+01   6.3278344e+02   1.4355925e+02   6.8699430e+02  -7.8085448e-01
   6.2941782e+00   2.2932273e+02   9.8933300e+01   2.7921682e+02  -8.2858641e-01
   8.8969485e+02   6.0385891e+02   9.6991291e+02   6.5722239e+02  -8.5033556e-01
   8.8226384e+00   1.9021446e+02   1.1748518e+02   2.5086145e+02  -8.9661934e-01
   1.2422911e+02   3.8636203e+02   2.1567740e+02   4.2131594e+02  -9.2169078e-01
   4.3126957e+02   4.6014769e+02   4.9459107e+02   5.0868910e+02  -9.2586637e-01
   1.9878591e+02   7.1411126e+02   2.6684225e+02   7.6681860e+02  -9.5671041e-01
   5.3594986e+01   1.1960647e+02   1.3746948e+02   1.6497592e+02  -9.6246261e-01
   7.4119815e+02   5.3058997e+02   8.1962477e+02   5.8303845e+02  -9.9499167e-01
