   8.1592869e+01   4.7061311e+02   1.9636986e+02   5.5704449e+02  -2.4105310e-02
   2.5895942e+02   4.9415254e+02   3.5283867e+02   5.3838068e+02  -7.2033583e-01
   6.6304945e+01   4.5865035e+02   2.2993388e+02   5.9746604e+02  -7.5753048e-01
   1.4158976e+02   4.1875398e+02   5.4214982e+02   7.4287544e+02  -7.7098749e-01
   6.6090930e+02   4.5467198e+02   7.6397670e+02   4.9336784e+02  -8.0998244e-01
   1.7791788e+01   6.4566660e+01   9.4753266e+01   1.0500439e+02  -8.1381196e-01
   1.9243318e+00   3.9820031e+02   6.7500151e+01   4.5117713e+02  -8.3971067e-01
   9.5956266e+02   7.1721609e+02   1.0240000e+03   7.6731700e+02  -9.5218944e-01
   9.3449613e+02   4.2120381e+02   1.0240000e+03   5.0000530e+02  -9.5606710e-01
   1.1743098e+01   3.7258914e+02   7.2398976e+02   7.0095363e+02  -9.6653137e-01
   3.6144576e+00   2.8388343e+02   9.3257719e+01   3.4862959e+02  -9.9758795e-01
