   7.8922591e+01   4.7500550e+02   1.9561765e+02   5.6845262e+02  -6.2712642e-02
   8.5928754e+02   3.8055336e+02   9.7042761e+02   4.1303530e+02  -3.0826236e-01
   4.6456040e+02   4.7783355e+02   5.4999565e+02   5.3029807e+02  -6.1182519e-01
   2.7648794e+00   5.5103222e+02   1.1219465e+02   5.9872879e+02  -7.9209776e-01
   1.4441911e+02   5.2601658e+02   2.4907074e+02   5.6456735e+02  -8.2392183e-01
   9.0686081e+02   4.3804780e+02   1.0193548e+03   5.3077716e+02  -8.3501091e-01
   4.2576441e+02   6.0542993e+02   4.9808636e+02   6.5942232e+02  -8.4063422e-01
   3.4307517e+02   5.4010870e+02   4.0830480e+02   5.9007288e+02  -8.6934213e-01
   3.4187617e+00   3.8859159e+02   1.0597638e+02   4.6810479e+02  -8.6971138e-01
   1.8233470e+00   4.6534908e+02   2.1908527e+02   5.7118396e+02  -8.6981286e-01
   6.8708419e+02   6.2347049e+02   7.8855609e+02   6.5799943e+02  -9.7963926e-01
   1.0000000e+00   7.3203752e+02   1.3034402e+02   7.6800000e+02  -9.8190611e-01
   3.5628753e+02   2.9155507e+02   4.4265207e+02   3.6453999e+02  -9.9636252e-01
   1.8322176e+02   6.0472356e+02   2.4819576e+02   6.5293993e+02  -9.9686300e-01
