   1.8298936e+00   4.8061158e+02   1.0603298e+02   5.3081618e+02   1.0775981e+00
   3.7765678e+00   4.6087696e+02   1.3013132e+02   5.4709935e+02  -6.3700942e-01
   8.4256459e+02   5.1599790e+02   9.5681442e+02   5.5660894e+02  -6.4957377e-01
   3.9066873e+02   5.5044690e+02   4.8689231e+02   6.2932431e+02  -7.7231814e-01
   1.5518135e+02   3.2671359e+00   2.4086192e+02   3.8550878e+01  -8.2065588e-01
   8.6095504e+02   5.2343907e+02   1.0240000e+03   5.9407674e+02  -8.5294283e-01
   1.4389206e+02   1.8195477e+02   2.6043798e+02   2.2698717e+02  -9.0755602e-01
   6.2646109e+02   6.0335537e+02   6.9513723e+02   6.5614927e+02  -9.3099097e-01
   3.3439271e+02   2.9497136e+02   4.4595828e+02   3.3689868e+02  -9.3317621e-01
   3.1008841e+00   2.8519616e+02   1.0385394e+02   3.6499607e+02  -9.4335859e-01
   3.5750463e+02   4.0364218e+02   4.3293960e+02   4.5850269e+02  -9.5514249e-01
   4.8627443e+01   1.1819033e+02   1.3795274e+02   1.6939122e+02  -9.7024160e-01
   1.2308441e+02   3.5272548e+02   1.9219078e+02   3.9815851e+02  -9.7522327e-01
   3.0551557e+02   5.5221723e+02   4.2169343e+02   5.9695579e+02  -9.7789273e-01
   1.7464534e+00   7.1393296e+02   1.1709100e+02   7.5095046e+02  -9.7920212e-01
   3.9540393e+01   6.0517919e+02   1.3542933e+02   6.9054719e+02  -9.8284835e-01
   7.3600545e+02   5.2905106e+02   8.2541451e+02   5.9450237e+02  -9.8517861e-01
   9.3372242e+02   4.2116237e+02   1.0240000e+03   5.0030963e+02  -9.9449275e-01
