   4.8000943e+00   4.4282279e+02   2.1698534e+02   6.1304301e+02   1.0104316e-01
   1.2786094e+01   4.7071125e+02   3.3933723e+02   6.5595081e+02  -6.2945174e-01
   1.0000000e+00   5.5987016e+02   4.0066006e+02   7.4038910e+02  -7.0642228e-01
   3.4627152e+02   5.2194960e+02   4.2251171e+02   5.7587842e+02  -7.2962266e-01
   5.0313869e+02   6.0364417e+02   5.6687079e+02   6.5016633e+02  -7.4797139e-01
   8.1183146e+02   7.7988362e+01   8.9493290e+02   1.4688657e+02  -7.6546678e-01
   4.7889549e+02   5.8299195e+02   5.7423373e+02   6.2179496e+02  -8.4168921e-01
   4.4316934e+01   3.4598682e+02   1.1868628e+02   3.9678107e+02  -8.7423999e-01
   6.4730952e+01   1.5048550e+02   1.2759396e+02   1.9688455e+02  -9.3164789e-01
   3.3234952e+01   2.5307603e+02   9.8511003e+01   3.0387940e+02  -9.3444446e-01
   7.2279694e+02   3.9547238e+01   7.9409148e+02   9.1137411e+01  -9.7596668e-01
