   7.7526402e+01   4.7441988e+02   1.9623460e+02   5.6239248e+02   2.1301614e-01
   2.9345683e+00   4.7136381e+02   2.3159820e+02   5.9225919e+02  -2.6193851e-01
   8.6669169e+02   3.9207375e+02   1.0240000e+03   5.1357966e+02  -7.5815950e-01
   3.2554417e+01   6.4232477e+02   1.3755781e+02   6.8276577e+02  -8.0529415e-01
   7.6328376e+02   3.4238127e+02   1.0201425e+03   4.5616497e+02  -8.2819318e-01
   4.4798625e+02   4.7802010e+02   5.1083643e+02   5.2794392e+02  -8.3069620e-01
   6.7225600e+02   5.5466621e+02   7.3811308e+02   6.0526838e+02  -8.6421074e-01
   3.3852679e+00   4.0380108e+02   6.6288933e+01   4.5469330e+02  -9.3320361e-01
   3.5807958e+02   4.0879204e+02   4.2999523e+02   4.5766097e+02  -9.4124743e-01
   5.7445697e+02   1.8906149e+02   6.5683232e+02   2.5669031e+02  -9.5231082e-01
   2.6209221e+02   5.8325439e+02   4.4562107e+02   6.5302738e+02  -9.5873355e-01
