   7.8148350e+02   5.9804590e+02   9.0519427e+02   6.3763586e+02  -6.2129297e-01
   1.2453460e+02   3.8661054e+02   2.1514480e+02   4.1988843e+02  -6.6409186e-01
   1.1981512e+02   3.5134084e+02   1.9115068e+02   4.0124588e+02  -8.2047987e-01
   9.1284800e+01   4.6084230e+02   1.9550479e+02   5.0535666e+02  -8.6397661e-01
   2.6024070e+01   4.8567908e+02   1.2444658e+02   5.1573327e+02  -9.0364387e-01
   2.9015823e+00   3.9779214e+02   8.5176324e+01   4.6304018e+02  -9.0427529e-01
   7.5868561e+02   5.4590863e+02   9.5944864e+02   6.2728112e+02  -9.3108635e-01
   3.7017299e+02   2.8224022e+02   4.4538059e+02   3.3965348e+02  -9.3651359e-01
   8.3339539e+02   4.1242858e+02   9.2023745e+02   4.7756091e+02  -9.3928539e-01
   4.3468052e+02   4.5253221e+02   4.9660544e+02   5.0255505e+02  -9.5650101e-01
   4.5283420e+01   1.2074905e+02   1.3997089e+02   1.6395326e+02  -9.6395150e-01
   1.2040857e+01   5.4671219e+01   9.3281863e+01   1.2129802e+02  -9.7726417e-01
   1.0000000e+00   6.7135426e+02   1.0732529e+02   7.1187388e+02  -9.9214447e-01
