   7.6654945e+01   4.7659632e+02   2.0341392e+02   5.7421885e+02  -1.4445112e-01
   4.3518506e+00   5.7942207e+01   1.0520951e+02   1.2556881e+02  -6.5199738e-01
   6.7653921e+01   5.6161667e+02   1.9649588e+02   6.0507207e+02  -7.5958117e-01
   5.0484521e+02   4.9297064e+02   5.7466629e+02   5.4969515e+02  -7.6894594e-01
   1.0271996e+01   4.8429031e+02   8.0075210e+01   5.3662165e+02  -8.2007406e-01
   9.6107316e+02   2.7827810e+01   1.0227641e+03   7.3117379e+01  -8.7198653e-01
   2.6690029e+02   5.9940088e+02   4.4486767e+02   6.6989620e+02  -8.8672115e-01
   2.2252405e+01   6.6737591e+02   1.4866927e+02   7.1064153e+02  -8.9592903e-01
   4.9405386e+02   4.6382567e+02   5.8395168e+02   5.2410105e+02  -9.2866185e-01
   2.4684310e+00   7.0344015e+02   1.0442379e+02   7.4128050e+02  -9.2986335e-01
   1.1474512e+00   2.9910612e+02   9.5158299e+01   3.7520774e+02  -9.4431560e-01
   5.2459504e+00   1.1834555e+02   1.3503427e+02   1.8253355e+02  -9.5270086e-01
   1.3292360e+02   5.7049265e+02   2.3713804e+02   6.5106650e+02  -9.6748038e-01
   4.9442654e+01   1.5710725e+02   1.2058557e+02   2.1647294e+02  -9.7384335e-01
   2.4902135e+02   3.7601049e+02   3.7862047e+02   4.3262391e+02  -9.7935508e-01
   3.6531365e+02   4.2159168e+02   4.3601983e+02   4.6983116e+02  -9.9075806e-01
