   1.0000000e+00   4.5159472e+02   1.9654404e+02   6.0286913e+02  -1.6904656e-01
   8.3794662e+02   5.1470905e+02   9.5970961e+02   5.5602611e+02  -8.0186153e-01
   1.6147358e+02   2.5165078e+00   2.3987733e+02   3.9491085e+01  -8.3340053e-01
   4.3182871e+02   4.5881242e+02   4.9779503e+02   5.0968444e+02  -8.5579791e-01
   1.0000000e+00   1.0000000e+00   1.0764555e+02   8.6822202e+01  -8.9829635e-01
   3.2414831e+02   6.1954347e+02   4.2923647e+02   7.0021292e+02  -9.8346136e-01
   7.4032260e+02   5.3023204e+02   8.2262488e+02   5.9194189e+02  -9.8584985e-01
   1.2398751e+02   3.8777629e+02   2.1725184e+02   4.2592915e+02  -9.9382057e-01
   2.0926297e+02   5.1851700e+02   2.8903178e+02   5.7953881e+02  -9.9453786e-01
   1.0000000e+00   7.1099507e+02   1.2821887e+02   7.5088822e+02  -9.9803994e-01
