   4.3076342e+02   4.6081172e+02   4.9573215e+02   5.0714149e+02  -6.1494340e-01
   1.0000000e+00   4.8104466e+02   7.4619935e+01   5.5602697e+02  -6.1726098e-01
   3.3488363e+02   5.4381735e+02   4.0783555e+02   5.9706015e+02  -6.6873639e-01
   8.4333794e+02   5.1166185e+02   1.0023702e+03   5.6580056e+02  -8.6521181e-01
   4.7410583e+01   1.2028895e+02   1.4034304e+02   1.6545344e+02  -9.0636132e-01
   1.9796313e+00   7.7745524e+01   6.8177091e+01   1.3088276e+02  -9.1160732e-01
   1.2407558e+02   3.5304201e+02   1.9212659e+02   4.0031945e+02  -9.3729108e-01
   1.0000000e+00   7.1414946e+02   1.1652444e+02   7.5182902e+02  -9.7166244e-01
   7.3878044e+02   5.3047242e+02   8.2739428e+02   5.9569790e+02  -9.7525517e-01
   1.0000000e+00   5.4974278e+02   9.8859701e+01   5.8684735e+02  -9.7852478e-01
   3.4943401e+02   4.2194065e+02   4.6014123e+02   4.6718375e+02  -9.8687994e-01
   1.2163887e+02   3.8813118e+02   2.1831966e+02   4.2532191e+02  -9.9001502e-01
