   8.4342363e+02   5.1065191e+02   1.0036632e+03   5.6501642e+02  -4.3725678e-01
   2.4701771e+01   5.9861398e+02   1.2657381e+02   6.7481307e+02  -6.9346385e-01
   1.2368397e+02   3.8723926e+02   2.1995447e+02   4.2520375e+02  -8.1598798e-01
   4.2928088e+01   1.2098999e+02   1.3996416e+02   1.6373866e+02  -8.5064789e-01
   6.6428106e+02   5.4860798e+02   7.4229933e+02   6.0335091e+02  -8.6681089e-01
   2.9616411e+01   5.9997632e+01   9.4012465e+01   1.1192259e+02  -8.8732381e-01
   3.6427374e+00   3.9951135e+02   7.0879814e+01   4.5754978e+02  -9.3349205e-01
   2.4600321e+01   4.9801705e+02   2.0726510e+02   6.3235166e+02  -9.4131838e-01
   8.4276212e+02   3.7038518e+02   9.7719835e+02   4.1752603e+02  -9.4225640e-01
   7.4725514e+00   5.0687962e+02   2.6276860e+02   7.1057630e+02  -9.4809526e-01
   1.0000000e+00   7.1470036e+02   1.2724243e+02   7.6501723e+02  -9.6295808e-01
   1.0000000e+00   8.6644730e+01   6.6685945e+01   1.3617976e+02  -9.7148362e-01
