   1.2442774e+02   3.8655282e+02   2.1535928e+02   4.2019678e+02  -5.8612522e-01
   5.2627776e+01   1.1967474e+02   1.3690066e+02   1.6405080e+02  -7.5908038e-01
   1.6157124e+02   2.5780556e+00   2.4189976e+02   3.9250436e+01  -7.8516569e-01
   1.0000000e+00   6.6959644e+02   1.0535986e+02   7.1166620e+02  -7.9775860e-01
   1.0000000e+00   1.0000000e+00   1.0774982e+02   8.3311748e+01  -8.3337502e-01
   8.4088010e+02   5.1102544e+02   9.9657779e+02   5.6415154e+02  -9.1671026e-01
   2.1124686e+01   2.0795455e+02   1.1743936e+02   2.4624369e+02  -9.2471136e-01
   2.6440576e+00   6.1364010e+01   9.6572114e+01   1.0760228e+02  -9.4223565e-01
   8.9416460e+02   5.0495247e+02   1.0217688e+03   5.9585019e+02  -9.6686539e-01
   1.2248925e+02   3.7246585e+02   2.1988430e+02   4.4888987e+02  -9.7035932e-01
   8.3664810e+02   3.7025577e+02   9.6915447e+02   4.1692741e+02  -9.7475014e-01
   6.1160092e+02   5.9839528e+02   7.5329681e+02   6.4591180e+02  -9.8832970e-01
