   7.8306194e+01   4.7073126e+02   1.9459036e+02   5.6185546e+02  -2.5410994e-01
   2.4334852e+01   6.3531669e+02   1.4535921e+02   6.7885227e+02  -5.2569073e-01
   1.6271102e+00   7.1250089e+02   1.1771274e+02   7.5023971e+02  -5.5008834e-01
   8.4000859e+02   5.0947142e+02   1.0085948e+03   5.6630139e+02  -7.3476000e-01
   1.0000000e+00   4.7290217e+02   2.3083745e+02   5.9111892e+02  -7.4438141e-01
   4.6684305e+01   1.2013766e+02   1.4036759e+02   1.6679245e+02  -8.0958295e-01
   5.7696152e+01   6.0784936e+02   1.2462155e+02   6.6172145e+02  -8.3169621e-01
   1.0000000e+00   6.8882706e+02   1.6006715e+02   7.5540511e+02  -8.4072811e-01
   4.2516910e+02   4.5370027e+02   4.8638958e+02   5.0140667e+02  -8.9708803e-01
   2.5312386e+01   1.2064222e+02   1.1061478e+02   1.9440092e+02  -9.2691171e-01
   1.6052181e+02   3.5225649e+00   2.4197253e+02   3.7943508e+01  -9.5258287e-01
   3.5798428e+02   4.0311218e+02   4.3364196e+02   4.5764889e+02  -9.5419659e-01
   1.6574258e+01   2.0385628e+02   1.1557340e+02   2.4767777e+02  -9.6117319e-01
   1.5709206e+01   6.0772557e+01   9.6932293e+01   1.2046518e+02  -9.6773619e-01
   4.1578368e+00   5.8569075e+02   1.2589139e+02   6.8554927e+02  -9.9263189e-01
