   1.2153420e+02   3.8806522e+02   2.1615207e+02   4.2557983e+02  -6.5061868e-01
   1.0000000e+00   7.1224010e+02   1.2753113e+02   7.4978977e+02  -6.5878278e-01
   8.4055246e+02   5.1007980e+02   1.0041738e+03   5.6460953e+02  -8.0491316e-01
   1.5038380e+02   6.5663812e+02   2.7157887e+02   7.0076949e+02  -9.0246508e-01
   7.5298627e+02   5.1671983e+02   8.6556108e+02   5.5159205e+02  -9.1030221e-01
   4.9501582e+01   1.1847566e+02   1.3746648e+02   1.6685082e+02  -9.1224975e-01
   1.0000000e+00   1.0000000e+00   1.0774982e+02   8.3311748e+01  -9.1405131e-01
   1.2128022e+02   3.7555234e+02   2.2383259e+02   4.5648715e+02  -9.1957881e-01
   1.1815129e+01   5.9612733e+01   9.2813512e+01   1.2025205e+02  -9.2559237e-01
   2.7842694e+02   5.4589012e+02   5.1376312e+02   7.1913070e+02  -9.8154656e-01
   3.9848402e+00   2.6259643e+02   9.0011564e+01   3.2633772e+02  -9.8377350e-01
