   1.5580457e+00   7.1838485e+02   1.0897886e+02   7.5626887e+02  -6.2591495e-01
   1.6076039e+02   3.4627338e+00   2.4299280e+02   3.8082611e+01  -8.1282399e-01
   6.1610962e+02   5.1007188e+02   6.8248657e+02   5.6037374e+02  -8.1756776e-01
   1.3704878e+01   6.4677245e+01   9.3905787e+01   1.0486511e+02  -8.6008760e-01
   3.3169386e+00   2.7695509e+02   1.1282834e+02   3.6222208e+02  -9.0524471e-01
   8.3564417e+02   5.0934453e+02   1.0015357e+03   5.6431756e+02  -9.3056703e-01
   2.6884317e+02   2.9213769e+02   3.6292826e+02   3.3277066e+02  -9.6647343e-01
   2.0800583e+02   4.2283347e+02   2.8662374e+02   4.8222230e+02  -9.6884463e-01
   1.0000000e+00   5.1592652e+02   9.8760716e+01   5.9300755e+02  -9.8213515e-01
   2.5321386e+00   7.1499316e+01   6.3058401e+01   1.3001979e+02  -9.8686874e-01
   5.3472472e+01   1.4797589e+02   1.3653228e+02   1.8181655e+02  -9.8752645e-01
   1.2109389e+02   3.8834728e+02   2.2032098e+02   4.2488798e+02  -9.8963418e-01
   7.3817350e+02   5.2993811e+02   8.2857695e+02   5.9569531e+02  -9.9242264e-01
