   3.5676049e+00   6.6717132e+02   1.2675261e+02   7.1284804e+02  -2.3245588e-01
   8.3903096e+02   5.1371112e+02   9.5846712e+02   5.5737365e+02  -6.3150611e-01
   1.4158080e+02   1.8831128e+02   2.5390672e+02   2.3613141e+02  -7.0831634e-01
   1.2153420e+02   3.8806522e+02   2.1615207e+02   4.2557983e+02  -9.0132313e-01
   1.1882294e+02   3.7219993e+02   2.2574633e+02   4.5662250e+02  -9.0489457e-01
   3.0965027e+00   2.6958136e+02   1.1155864e+02   3.6131841e+02  -9.2427863e-01
   3.9175795e+02   5.3060703e+02   4.5642971e+02   5.8023511e+02  -9.2739132e-01
   1.7609193e+00   5.0515773e+02   2.5699782e+02   7.1144273e+02  -9.3072167e-01
   7.3665570e+02   5.2769893e+02   8.1994472e+02   5.9344226e+02  -9.4431452e-01
   1.9458711e+02   2.3504884e+02   2.6996893e+02   2.9734264e+02  -9.5214561e-01
   2.7837198e+02   5.4762385e+02   5.1104245e+02   7.1733862e+02  -9.7567732e-01
   6.1752554e+02   5.1032288e+02   6.8182239e+02   5.5793290e+02  -9.7941678e-01
   6.2676156e+02   6.0116393e+02   7.0041665e+02   6.6059697e+02  -9.9268999e-01
