   4.8916289e+00   4.5641776e+02   2.0023759e+02   5.5035995e+02   2.6631134e-01
   7.6219693e+02   4.7765749e+02   8.6388816e+02   5.5750551e+02  -4.6477996e-01
   4.3526762e+00   4.4778694e+02   2.8689167e+02   5.8687033e+02  -4.9610420e-01
   1.7509576e+02   2.0138050e+02   2.7359544e+02   2.4870739e+02  -7.4500506e-01
   3.7749424e+02   4.0967459e+02   4.4315109e+02   4.6300847e+02  -7.6989853e-01
   1.0000000e+00   1.6738767e+02   9.6929083e+01   2.4224562e+02  -8.6554363e-01
   8.7753666e+02   5.4155679e+02   1.0179784e+03   5.9445740e+02  -8.9830649e-01
   7.4995981e+02   4.4200708e+02   8.5494548e+02   5.1990571e+02  -9.0075074e-01
   8.7032470e+02   3.3308290e+02   1.0240000e+03   3.9916344e+02  -9.1881673e-01
   1.8487401e+00   3.6045375e+02   8.2975176e+01   3.9854507e+02  -9.2469483e-01
   1.1027695e+01   3.0591929e+02   1.5285833e+02   3.7510398e+02  -9.4484273e-01
   4.0744221e+00   8.0365482e+01   1.1036743e+02   1.3508298e+02  -9.5487323e-01
   1.9865914e+00   6.7982712e+02   1.0798347e+02   7.6247477e+02  -9.5858774e-01
   7.3444068e+02   4.4576434e+02   8.8562647e+02   5.5512357e+02  -9.7609186e-01
   8.3348002e+02   6.3133007e+02   9.3467208e+02   7.0105772e+02  -9.8130903e-01
   1.9049048e+01   6.0439871e+02   3.5900424e+02   7.6800000e+02  -9.8672054e-01
   9.3674112e+02   1.2541212e+02   1.0233952e+03   1.9307195e+02  -9.9334016e-01
   5.5964659e+02   5.8401079e+02   6.7822827e+02   6.6509192e+02  -9.9600008e-01
