   1.1602443e+01   5.0959555e+02   2.7030411e+02   7.5171620e+02  -3.4968159e-01
   8.2209620e+01   4.6656719e+02   1.7814238e+02   4.9727596e+02  -8.0149079e-01
   4.6045390e+01   4.7482365e+02   2.0373284e+02   5.3998615e+02  -8.2051049e-01
   5.3327855e+01   1.1972622e+02   1.3479371e+02   1.6525134e+02  -8.5446900e-01
   1.6220984e+02   3.0463642e+00   2.4104682e+02   3.8682004e+01  -9.0044122e-01
   4.3161443e+02   4.7311542e+02   4.9903518e+02   5.1595632e+02  -9.1058604e-01
   3.1049241e+02   5.6328712e+02   4.3885930e+02   6.0794681e+02  -9.3439919e-01
   3.5356160e+02   2.8457147e+02   4.5659739e+02   3.6696702e+02  -9.5359682e-01
   1.8472797e+01   2.2419370e+02   1.0238464e+02   2.8560340e+02  -9.8326981e-01
   8.8003007e+02   4.1656191e+02   9.4348236e+02   4.6542905e+02  -9.8810936e-01
   1.1831248e+02   3.7061369e+02   2.1946017e+02   4.5154119e+02  -9.9763096e-01
   9.2878793e+02   5.0169516e+02   1.0215456e+03   5.7172127e+02  -9.9852881e-01
