   8.2602583e+01   4.7290354e+02   1.9697674e+02   5.5770599e+02   1.4177106e-01
   2.0825800e+00   6.7034879e+02   1.0400496e+02   7.1191313e+02  -2.9392547e-01
   7.3828294e+01   4.4619937e+02   2.3043219e+02   5.7384991e+02  -7.3264178e-01
   8.4295810e+02   5.1126343e+02   1.0029889e+03   5.6606528e+02  -7.5395644e-01
   6.6870729e+00   5.1430748e+02   1.0658499e+02   5.9377294e+02  -7.9635896e-01
   1.5437051e+02   4.1518140e+00   2.4195496e+02   3.7383054e+01  -8.0185203e-01
   1.0000000e+00   7.1173261e+02   1.2606046e+02   7.4915345e+02  -8.0200429e-01
   3.8175888e+02   4.6749451e+02   5.0922519e+02   5.1134337e+02  -8.7689124e-01
   1.2226529e+02   3.8699198e+02   2.1541137e+02   4.2795242e+02  -8.9434903e-01
   3.3577676e+01   5.9623461e+02   1.2810972e+02   6.6514484e+02  -9.2854614e-01
   1.0000000e+00   1.0000000e+00   1.0748055e+02   8.4864299e+01  -9.4873190e-01
   3.5267959e+02   2.8205495e+02   4.5597359e+02   3.6312433e+02  -9.4876845e-01
   2.9583852e+02   5.8479496e+02   3.8483635e+02   6.5316542e+02  -9.7274792e-01
