   2.7124948e+01   6.3196901e+02   1.3580636e+02   6.7480881e+02  -4.1921061e-01
   5.2704596e+01   1.1967823e+02   1.3673805e+02   1.6269549e+02  -7.7796963e-01
   1.0000000e+00   6.7112032e+02   1.0864992e+02   7.1335992e+02  -8.0681970e-01
   8.3890688e+02   5.1092092e+02   9.5749731e+02   5.5769008e+02  -8.1838928e-01
   8.5839877e+01   6.4631208e+02   1.9625302e+02   6.8133543e+02  -8.8664612e-01
   7.5657448e+02   5.1121803e+02   8.6583215e+02   5.4521716e+02  -8.9207537e-01
   1.0000000e+00   1.0000000e+00   1.0774982e+02   8.3311748e+01  -9.0144259e-01
   1.2090541e+02   3.8793581e+02   2.2322743e+02   4.2862855e+02  -9.3172912e-01
   3.7173566e+02   3.6062051e+02   4.3813538e+02   4.0978726e+02  -9.4667605e-01
   1.9475196e+02   2.3948486e+02   2.6279315e+02   2.9289569e+02  -9.6615116e-01
   3.3124808e+02   6.2550205e+02   4.2108901e+02   6.9615201e+02  -9.6658351e-01
