   2.9418328e+01   4.6717637e+02   1.1195488e+02   5.3076491e+02  -4.5648400e-01
   1.0000000e+00   7.1270581e+02   1.2322554e+02   7.5486003e+02  -4.7334219e-01
   9.9197238e+01   5.1774896e+02   1.9878667e+02   5.8561021e+02  -7.2825493e-01
   5.9992050e+01   4.8514462e+02   2.0763764e+02   5.4107438e+02  -8.1394069e-01
   4.7535410e+01   1.1903632e+02   1.3901573e+02   1.6821811e+02  -8.4512995e-01
   3.4242146e+01   6.5091452e+01   9.5871518e+01   1.1215936e+02  -8.6456599e-01
   1.0251072e+00   4.6916138e+02   1.6814929e+02   5.3115661e+02  -8.7054510e-01
   1.3486142e+02   1.8127312e+02   2.6230878e+02   2.4027910e+02  -8.7774574e-01
   8.4136543e+01   5.1718016e+02   2.7003494e+02   5.9570595e+02  -8.9567201e-01
   3.5249188e+02   4.2813907e+02   4.5848874e+02   4.6780719e+02  -9.0912328e-01
   8.4263326e+02   3.7030397e+02   9.7452974e+02   4.1784357e+02  -9.4736109e-01
   9.2187159e+00   1.9617861e+02   1.2265389e+02   2.5686331e+02  -9.4810167e-01
   1.2409218e+02   3.8784225e+02   2.1941943e+02   4.2567123e+02  -9.7669417e-01
   5.2251144e+00   5.6145430e+02   1.6256126e+02   6.9047257e+02  -9.8415107e-01
   5.4971347e+02   4.4218726e+02   6.1636020e+02   4.9744346e+02  -9.8669918e-01
   2.4619969e+00   7.6755711e+01   6.8631124e+01   1.3040152e+02  -9.9232087e-01
   6.1739452e+02   5.1174243e+02   6.8294871e+02   5.6164319e+02  -9.9513881e-01
