   2.3058571e+01   4.8650466e+02   1.7963279e+02   6.1166862e+02   2.3369263e-02
   8.8720303e+00   5.0132456e+02   2.8983681e+02   6.4143089e+02  -4.3486558e-01
   1.0000000e+00   3.6358058e+02   1.5158172e+02   4.3517163e+02  -5.8147962e-01
   4.2264523e+00   1.1170857e+02   1.2125351e+02   1.7079022e+02  -6.4841563e-01
   9.5546993e+02   6.6032588e+02   1.0240000e+03   7.0780511e+02  -8.1386983e-01
   2.9109575e+00   2.1994635e+02   6.7287638e+01   2.7648439e+02  -8.7350358e-01
   3.8560107e+02   2.3760245e+02   4.5900740e+02   2.9672795e+02  -8.8347414e-01
   8.2220460e+02   5.6221779e+02   9.1958945e+02   6.3503424e+02  -9.2813028e-01
   1.3975588e+02   2.5771583e+01   2.0848996e+02   8.4724983e+01  -9.3856835e-01
   9.2656901e+01   3.8633516e+02   1.9686704e+02   4.6743539e+02  -9.4674202e-01
   6.5792289e+02   4.8658649e+02   7.8508467e+02   5.3375866e+02  -9.7923585e-01
   3.4908472e+02   6.8934052e+02   4.5065361e+02   7.2104165e+02  -9.9291970e-01
