   8.1044441e+02   4.2973535e+02   9.2248760e+02   4.6533380e+02  -4.2281135e-01
   1.0000000e+00   6.7005276e+02   1.1206140e+02   7.1317415e+02  -6.4162436e-01
   2.6379323e+02   4.9917321e+02   3.4077735e+02   5.5994447e+02  -7.0538816e-01
   2.5299431e+02   4.9138770e+02   3.6847485e+02   5.8586667e+02  -9.2381120e-01
   2.7470039e+01   6.3256627e+02   1.3793847e+02   6.7346991e+02  -9.4735317e-01
   4.5934912e+01   6.0183996e+02   1.2325369e+02   6.6092766e+02  -9.5397616e-01
   1.6168332e+02   2.7388127e+00   2.4012880e+02   3.9271229e+01  -9.6185949e-01
   9.2187159e+00   1.9617861e+02   1.2265389e+02   2.5686331e+02  -9.6321159e-01
   3.6217051e+02   5.8675923e+02   5.2540184e+02   6.9780045e+02  -9.6493109e-01
   7.8586761e+00   4.8679462e+02   1.3720032e+02   5.4123812e+02  -9.7007855e-01
   1.0000000e+00   3.8598087e+01   6.0537099e+01   8.8683632e+01  -9.7079027e-01
   6.7107759e+02   5.4919359e+02   7.4152585e+02   5.9685016e+02  -9.7309083e-01
