   3.8967085e+00   4.7911028e+02   2.8431725e+02   6.1394800e+02  -8.3526390e-02
   6.6915031e+00   5.8423930e+02   2.6082309e+02   6.9799162e+02  -6.3493814e-01
   9.2063224e+02   5.5056809e+02   1.0240000e+03   6.3695060e+02  -6.8209240e-01
   7.6843552e+02   5.4759855e+02   1.0240000e+03   6.4725678e+02  -7.0593576e-01
   9.4144439e+02   3.1514369e+01   1.0198337e+03   9.8251659e+01  -7.5703208e-01
   9.1488001e+02   4.9660721e+02   1.0229122e+03   5.9080338e+02  -8.6144004e-01
   3.5540382e+00   3.2882034e+02   1.5689837e+02   3.9999675e+02  -9.1899856e-01
   1.4204920e+00   3.9405202e+02   7.8706998e+01   4.4733863e+02  -9.5150742e-01
   5.2705745e+01   3.8382909e+02   1.7170062e+02   4.7426367e+02  -9.6053709e-01
   8.3411181e+02   4.5719100e+02   9.3061351e+02   5.3127480e+02  -9.7454597e-01
   2.2474672e+00   2.0488149e+02   8.1127251e+01   2.6535752e+02  -9.7873748e-01
   6.0025305e+02   5.7380370e+02   6.6934470e+02   6.1957021e+02  -9.8145455e-01
