   6.3813019e+01   4.6504904e+02   1.8651431e+02   5.6218129e+02  -1.8695746e-01
   6.0021655e+02   4.7061158e+02   6.8365303e+02   5.4142498e+02  -3.8371292e-01
   2.1145081e+00   6.6371129e+02   1.2406957e+02   7.2622884e+02  -5.5904455e-01
   6.0623750e+02   6.6309957e+02   7.7252836e+02   7.2152933e+02  -6.3532505e-01
   8.5571129e+02   5.4619392e+02   9.7201867e+02   5.8026306e+02  -7.3744208e-01
   8.7525427e+02   5.5251905e+02   1.0240000e+03   6.6520113e+02  -7.8532563e-01
   3.6778987e+02   4.2043980e+02   4.4374875e+02   4.7699290e+02  -8.3199764e-01
   5.6998266e+02   4.5061934e+02   7.0716486e+02   5.4089053e+02  -8.4957225e-01
   1.0000000e+00   4.5282280e+02   1.9481217e+02   6.0192557e+02  -8.5329950e-01
   5.9391751e+02   6.0333728e+02   1.0240000e+03   7.6800000e+02  -8.5507380e-01
   3.3253962e+00   2.9702466e+01   1.0404102e+02   1.0150988e+02  -8.6672302e-01
   9.2590377e+02   2.3039242e+02   1.0220716e+03   2.6876389e+02  -8.9485994e-01
   1.9085369e+00   1.0406972e+02   1.3086247e+02   1.6875740e+02  -9.4081328e-01
   8.1961498e+01   6.7362154e+02   2.0118764e+02   7.1438460e+02  -9.4104151e-01
   4.9776323e+00   5.8656661e+02   2.8907786e+02   7.2517020e+02  -9.4154220e-01
   4.6607328e+02   6.1158257e+02   5.4461863e+02   6.7891134e+02  -9.5398379e-01
   1.1116566e+02   3.6345369e+02   2.1248142e+02   4.3655154e+02  -9.6296950e-01
   3.7259976e+02   3.5737375e+02   4.3863900e+02   4.0703133e+02  -9.7222928e-01
   9.3562545e+02   2.1409304e+02   1.0239850e+03   2.9157998e+02  -9.7467778e-01
   1.5320313e+02   1.8157912e+02   2.1283085e+02   2.2873914e+02  -9.8331549e-01
