   1.0000000e+00   4.7581192e+02   8.1537771e+01   5.3757296e+02  -2.6537955e-01
   1.2185176e+02   3.8833566e+02   2.1797871e+02   4.2412243e+02  -6.6463674e-01
   1.2661637e+00   6.7160748e+02   1.0800158e+02   7.1226173e+02  -7.7832276e-01
   3.7284702e+02   3.6067743e+02   4.3527730e+02   4.1096634e+02  -8.4103167e-01
   4.3117777e+02   4.5909581e+02   4.9510046e+02   5.0708653e+02  -9.1326325e-01
   3.1239031e+00   2.8343999e+02   9.9271271e+01   3.6696071e+02  -9.2670343e-01
   2.7838427e+02   5.4671578e+02   5.1017390e+02   7.1652792e+02  -9.3495702e-01
   7.3865406e+02   5.2941246e+02   8.2769073e+02   5.9460145e+02  -9.6604287e-01
   9.9355492e+01   5.1314145e+02   2.0553242e+02   5.9775341e+02  -9.7344711e-01
   3.5201581e+02   4.2766078e+02   4.5728433e+02   4.6882645e+02  -9.7771134e-01
   6.6888272e+02   5.4466717e+02   7.4103505e+02   5.9867203e+02  -9.8858191e-01
