   7.6849177e+01   4.7821841e+02   1.9519840e+02   5.7414314e+02  -3.3955777e-01
   3.1521086e+02   5.6506197e+02   5.1372010e+02   6.4970588e+02  -6.8669415e-01
   1.9892439e+00   2.6923991e+02   9.7975376e+01   3.4200686e+02  -7.3210526e-01
   4.9563610e+02   4.9524291e+02   5.6331767e+02   5.4535078e+02  -7.5331548e-01
   1.0031732e+00   4.7964775e+02   2.3824650e+02   5.8754043e+02  -7.9617774e-01
   5.2849017e+02   6.2214630e+02   6.3009847e+02   7.0107520e+02  -8.1192348e-01
   5.4485224e+00   7.6596236e+01   1.0275425e+02   1.2818367e+02  -8.2336401e-01
   9.5916816e+02   2.6971221e+01   1.0202848e+03   7.5404472e+01  -8.9645702e-01
   2.3880323e+00   1.0000000e+00   9.4265941e+01   7.6780599e+01  -9.3234465e-01
   6.9841282e+00   3.8545094e+02   1.2072795e+02   4.7631422e+02  -9.7014064e-01
   7.2298744e+00   1.2006869e+02   1.3114062e+02   1.8566930e+02  -9.7707721e-01
   5.9838380e+02   4.5829544e+02   6.6715598e+02   5.1454142e+02  -9.7842492e-01
   1.4460644e+02   3.9941428e+01   2.2455339e+02   8.1360865e+01  -9.9167553e-01
   4.9070466e+01   6.2699976e+02   1.2370758e+02   6.8660997e+02  -9.9640709e-01
