   1.8297983e+00   7.1253421e+02   1.2634806e+02   7.5192777e+02  -7.2137732e-01
   1.3472946e+02   1.8258002e+02   2.6217482e+02   2.4060231e+02  -7.6019837e-01
   8.9326495e+02   5.3160991e+02   1.0240000e+03   5.7545997e+02  -7.8233618e-01
   1.2224559e+02   3.8688012e+02   2.1411867e+02   4.1956251e+02  -8.4762758e-01
   2.3245698e+00   3.7384576e+02   7.0824157e+01   4.2388301e+02  -8.9698278e-01
   1.6166935e+02   3.0477272e+00   2.4096456e+02   3.9036868e+01  -9.0572169e-01
   8.4493031e+02   5.1308861e+02   1.0109387e+03   5.6466404e+02  -9.1525499e-01
   1.1764697e+01   5.3994623e+01   9.5772398e+01   1.2089184e+02  -9.6941741e-01
   4.7045594e+00   3.6746562e+02   1.1294574e+02   4.6396083e+02  -9.7933552e-01
   1.8326254e+02   2.2401290e+02   2.7310243e+02   2.9114418e+02  -9.8013191e-01
   3.6692308e+02   4.1869803e+02   4.3874624e+02   4.7147733e+02  -9.8524637e-01
   7.3813504e+02   5.3045573e+02   8.2892673e+02   5.9507129e+02  -9.8955518e-01
   1.0000000e+00   1.0000000e+00   1.0758482e+02   8.1353845e+01  -9.9233629e-01
