   6.6407670e+01   4.6077441e+02   2.0255977e+02   5.6134200e+02  -1.1645384e-01
   9.2803365e+00   4.5826762e+02   2.4256405e+02   5.8957711e+02  -3.9181223e-01
   6.5368701e+02   4.9136140e+02   7.3721966e+02   5.5698100e+02  -6.6985547e-01
   7.1552240e+02   6.3046556e+02   7.8898196e+02   6.8430948e+02  -7.3150840e-01
   6.4161396e+02   6.3009402e+02   7.2267890e+02   6.8553570e+02  -8.1898948e-01
   6.9638453e+02   6.6618283e+02   8.1058958e+02   7.5329836e+02  -8.6093302e-01
   3.0483381e+01   1.0094709e+02   1.3071388e+02   1.4760856e+02  -9.2956815e-01
   2.2316030e+00   1.1496044e+01   1.0515712e+02   9.5946232e+01  -9.3351443e-01
   3.7000920e+02   4.1250188e+02   4.4281841e+02   4.7153263e+02  -9.3441232e-01
   7.0331122e+02   6.1728200e+02   8.0759644e+02   6.9803434e+02  -9.4133817e-01
   3.6987773e+02   3.4687975e+02   4.4011561e+02   4.0304526e+02  -9.4665762e-01
   1.8132145e+02   2.1716020e+02   2.7779035e+02   2.5371041e+02  -9.4887244e-01
   1.2587975e+02   1.3890847e+02   2.3772609e+02   1.8554476e+02  -9.7939362e-01
