   3.1613326e+01   4.7365644e+02   1.3751191e+02   5.2259990e+02   1.9293762e-01
   1.0000000e+00   4.8206368e+02   1.2843933e+02   5.4450887e+02  -7.3640346e-01
   1.0000000e+00   1.0000000e+00   1.0748055e+02   8.4864299e+01  -8.6761020e-01
   2.3017526e+01   5.2124574e+02   2.1554057e+02   5.9236205e+02  -8.7793592e-01
   4.2050853e+00   5.1728720e+02   3.5913302e+02   6.8222353e+02  -9.2534882e-01
   4.9346270e+01   1.5120047e+02   1.3171396e+02   1.9312730e+02  -9.3490565e-01
   3.4227201e+01   6.5220356e+01   9.7149579e+01   1.1246557e+02  -9.3836509e-01
   2.1446791e+00   4.5706639e+02   1.1538655e+02   5.0090439e+02  -9.4167092e-01
   8.3662829e+02   5.0560413e+02   1.0064933e+03   5.6606444e+02  -9.4184237e-01
   9.0228812e+02   4.2780580e+02   1.0135686e+03   5.1470831e+02  -9.5057901e-01
   3.7235332e+02   3.6037942e+02   4.3517573e+02   4.0976111e+02  -9.5660573e-01
   8.2835309e+02   3.4676385e+02   9.5574082e+02   4.1600408e+02  -9.6006064e-01
   1.2264727e+02   3.9714977e+02   1.8628006e+02   4.4628645e+02  -9.6851797e-01
   1.3952070e+02   1.5924840e+02   2.4377970e+02   2.3520760e+02  -9.7829778e-01
