   1.0000000e+00   6.6979759e+02   1.0334590e+02   7.1265886e+02  -5.3115317e-01
   8.2653887e+02   3.4791192e+02   9.6066740e+02   4.1402772e+02  -6.0809519e-01
   1.0000000e+00   7.1817914e+02   1.1222023e+02   7.5828896e+02  -8.1905954e-01
   7.8255351e+02   5.4732591e+02   8.6644681e+02   6.1109376e+02  -8.5185555e-01
   1.2042248e+02   6.4095727e+02   1.9625525e+02   6.9585253e+02  -8.5661663e-01
   1.2090541e+02   3.8793581e+02   2.2322743e+02   4.2862855e+02  -8.9932466e-01
   3.3748549e+01   5.9715348e+02   1.2912997e+02   6.6782901e+02  -9.0324619e-01
   3.6699267e+01   6.3138721e+02   1.7770386e+02   6.8629738e+02  -9.0886834e-01
   8.6905908e+02   6.2397397e+02   9.4320532e+02   6.7628357e+02  -9.2374891e-01
   1.1487727e+02   3.7384322e+02   2.2027904e+02   4.5239682e+02  -9.5409560e-01
   6.9154115e+02   4.4775374e+02   7.8763118e+02   4.8299211e+02  -9.5715940e-01
   6.4343857e+01   1.2026904e+02   1.2527698e+02   1.6926708e+02  -9.6401424e-01
   1.9380039e+02   2.4069808e+02   2.7197225e+02   2.9488781e+02  -9.8018838e-01
   6.2941782e+00   2.2932273e+02   9.8933300e+01   2.7921682e+02  -9.9552487e-01
   4.3323681e+02   4.5512844e+02   4.9683721e+02   5.0481409e+02  -9.9983613e-01
