   8.0710253e+01   4.7011148e+02   1.9567026e+02   5.5698873e+02   3.1191354e-02
   7.1328670e+01   4.7012597e+02   2.7310088e+02   5.6989095e+02  -5.5699062e-01
   1.0000000e+00   7.1782996e+02   1.0896884e+02   7.5570571e+02  -5.7228764e-01
   1.2185707e+02   3.8638899e+02   2.1594641e+02   4.2748494e+02  -6.8794627e-01
   1.0000000e+00   6.7043337e+02   1.1255069e+02   7.1425660e+02  -7.5800147e-01
   1.6154240e+02   2.8601916e+00   2.4113097e+02   3.8891477e+01  -7.7811740e-01
   3.0005486e+01   6.2297004e+01   9.7838841e+01   1.1124731e+02  -9.3072722e-01
   2.3629275e+00   7.9916699e+01   6.6232511e+01   1.2772068e+02  -9.3711596e-01
   3.5851341e+02   4.0343157e+02   4.3375082e+02   4.5894062e+02  -9.5983191e-01
   6.6858248e+02   5.3955863e+02   7.5549883e+02   5.9744936e+02  -9.6075590e-01
   3.2711374e+00   2.6222337e+02   8.3317383e+01   3.2823002e+02  -9.6434549e-01
   2.8373427e+02   5.6373295e+02   4.5232830e+02   6.9202583e+02  -9.8714708e-01
