   7.0339867e+01   4.6992091e+02   1.8224789e+02   5.5724119e+02   2.8729514e-01
   1.0000000e+00   4.5685852e+02   2.3640162e+02   5.6977253e+02  -3.4707269e-01
   6.1919920e+02   4.8287408e+02   7.0724794e+02   5.4924268e+02  -6.2178729e-01
   5.5856638e+01   3.3675995e+02   1.5171060e+02   3.7645808e+02  -7.9117387e-01
   3.7686268e+00   3.1603368e+01   8.3067741e+01   9.7921323e+01  -8.3380390e-01
   2.0780262e+00   6.1536334e+02   1.1232954e+02   6.9733251e+02  -8.3486043e-01
   9.1908732e+02   2.2117676e+02   1.0187325e+03   2.6387350e+02  -8.6803432e-01
   3.6933187e+02   4.1822575e+02   4.4010802e+02   4.7180227e+02  -9.1389857e-01
   1.0158906e+02   3.6480733e+02   2.0840532e+02   4.0855461e+02  -9.3096707e-01
   7.7671029e+02   6.7282993e+02   8.4737546e+02   7.2302436e+02  -9.4146562e-01
   1.3125588e+00   3.6432450e+02   6.6777940e+01   4.1651262e+02  -9.4578776e-01
   1.0000000e+00   2.5659463e+02   1.1508741e+02   3.4297696e+02  -9.4852401e-01
   6.7335048e+02   6.1758210e+02   7.7264539e+02   6.8703704e+02  -9.4918356e-01
   5.7886451e+02   4.5254767e+02   6.8485298e+02   4.9472312e+02  -9.4921019e-01
   9.8358876e+01   6.7160978e+02   1.8264874e+02   7.3031641e+02  -9.5530802e-01
   1.2994949e+02   1.5628490e+02   2.1959387e+02   2.0172974e+02  -9.5598471e-01
   3.5400246e+02   2.7627543e+02   4.3994077e+02   3.5120762e+02  -9.5879340e-01
   1.0000000e+00   5.7158797e+02   2.6261432e+02   7.6800000e+02  -9.6579609e-01
   4.0294826e+02   6.3117469e+02   4.8511906e+02   6.8526092e+02  -9.6726423e-01
   6.4921962e+02   6.2967762e+02   7.8690482e+02   7.4438147e+02  -9.6744683e-01
   5.3724079e+01   1.0000000e+00   1.3298192e+02   6.4016570e+01  -9.7213341e-01
   9.2699798e+02   4.2794068e+02   1.0240000e+03   5.0610900e+02  -9.7350211e-01
   1.0000000e+00   1.0015130e+02   1.2409354e+02   1.5368473e+02  -9.9623527e-01
