   7.1337494e+01   4.6256110e+02   2.1492025e+02   5.6577556e+02  -3.4796485e-01
   1.0000000e+00   7.1352260e+02   1.1424886e+02   7.4936433e+02  -4.8540511e-01
   1.0000000e+00   5.1592652e+02   9.8760716e+01   5.9300755e+02  -6.9939158e-01
   3.5171373e+02   5.0535684e+02   4.4798116e+02   5.7876185e+02  -7.1604793e-01
   1.0000000e+00   4.7326976e+02   2.2346960e+02   5.9255935e+02  -8.9172401e-01
   8.3935691e+02   5.1107814e+02   9.5854854e+02   5.5804033e+02  -9.1218333e-01
   3.4066797e+02   4.4174758e+02   4.4836423e+02   4.7418236e+02  -9.2003856e-01
   3.7263033e+02   3.5952820e+02   4.3481146e+02   4.1243164e+02  -9.2178153e-01
   2.8854152e+00   3.9810500e+02   8.3816266e+01   4.6205391e+02  -9.3369784e-01
   1.6164115e+02   2.6521573e+00   2.4198359e+02   3.9177151e+01  -9.4950033e-01
   2.8624465e+01   2.0716287e+02   1.0420292e+02   2.6807816e+02  -9.6978360e-01
   3.5273809e+02   2.8410342e+02   4.5594464e+02   3.6691499e+02  -9.8002608e-01
   3.5798428e+02   4.0311218e+02   4.3364196e+02   4.5764889e+02  -9.8500328e-01
