   4.1008552e+00   4.8376371e+02   9.9365523e+01   5.3399350e+02  -2.5545147e-02
   1.2445985e+01   7.1450994e+02   1.2247086e+02   7.4739788e+02  -6.6982567e-01
   3.1535046e+01   6.4237725e+02   1.3462867e+02   6.8196316e+02  -8.0180844e-01
   1.0000000e+00   6.6771744e+02   1.3556593e+02   7.2122222e+02  -8.6534676e-01
   1.2440764e+02   3.8642301e+02   2.1531120e+02   4.1974304e+02  -8.8465020e-01
   9.5976169e+01   6.4518622e+02   2.0079334e+02   6.8046287e+02  -8.8856695e-01
   1.0000000e+00   4.7542830e+02   1.4368769e+02   5.4193329e+02  -8.8967570e-01
   8.3931882e+02   5.1401306e+02   9.5799819e+02   5.5717303e+02  -9.0673771e-01
   1.2167837e+02   3.9695912e+02   1.8336622e+02   4.4860741e+02  -9.1797393e-01
   2.3183725e+02   6.0248734e+02   3.3426500e+02   6.3700788e+02  -9.2405810e-01
   3.7263939e+02   3.6081042e+02   4.3816174e+02   4.0924212e+02  -9.3028376e-01
   5.6259176e+01   6.0646600e+02   1.2358966e+02   6.6097566e+02  -9.6163444e-01
   2.9670366e+00   7.6215251e+01   6.7930712e+01   1.3085818e+02  -9.6583757e-01
   4.2793399e+02   4.5540631e+02   4.9987168e+02   5.0469845e+02  -9.6937312e-01
   1.0159481e+02   7.0927524e+02   1.7941990e+02   7.6515195e+02  -9.7239030e-01
   4.6684305e+01   1.2013766e+02   1.4036759e+02   1.6679245e+02  -9.8622489e-01
   7.3806354e+02   5.3006496e+02   8.2682602e+02   5.9565261e+02  -9.9349446e-01
