   1.6358970e+01   4.7302547e+02   2.0486629e+02   6.1392166e+02  -7.6616881e-02
   1.0000000e+00   4.7902591e+02   3.0868628e+02   6.5269340e+02  -5.2064458e-01
   1.0000000e+00   3.7608535e+02   8.8944996e+01   4.1217256e+02  -6.0402928e-01
   4.4260623e+00   5.4808103e+02   2.5908480e+02   7.6131566e+02  -8.3198208e-01
   7.2780596e+02   5.4788122e+02   1.0178059e+03   6.7151927e+02  -8.6300958e-01
   1.8720628e+00   1.6318698e+02   7.6102825e+01   2.2283827e+02  -8.8771350e-01
   5.3428613e+02   6.6631983e+02   6.1026459e+02   7.2222996e+02  -9.4794131e-01
   1.0000000e+00   5.7952743e+01   1.1004593e+02   1.3599218e+02  -9.5886563e-01
   2.6867554e+00   3.6874167e+02   9.2250662e+01   4.3950278e+02  -9.7364197e-01
   4.3146408e+01   3.4768088e+02   1.2053725e+02   4.1357601e+02  -9.9993219e-01
