   1.1319915e+01   4.6503446e+02   2.4347363e+02   5.8003904e+02   4.4212968e-02
   1.0000000e+00   6.7067352e+02   1.1106266e+02   7.1438256e+02  -5.0053506e-01
   1.2144355e+02   3.8773268e+02   2.1851374e+02   4.2365495e+02  -7.8053498e-01
   2.8478923e+01   6.3195057e+02   1.3490965e+02   6.7381268e+02  -8.2697093e-01
   4.7073093e+01   1.2052706e+02   1.4019474e+02   1.6533851e+02  -8.8896070e-01
   5.7021278e+00   1.0613758e+02   1.3153107e+02   1.7156639e+02  -9.2159094e-01
   1.4250078e+02   1.8388104e+02   2.6253016e+02   2.2675576e+02  -9.2981043e-01
   3.7006665e+02   2.7993820e+02   4.4419339e+02   3.3955355e+02  -9.3581055e-01
   3.2711374e+00   2.6222337e+02   8.3317383e+01   3.2823002e+02  -9.8219748e-01
   1.0000000e+00   1.0000000e+00   1.0704628e+02   8.4458946e+01  -9.8922999e-01
   6.1606685e+02   5.0980105e+02   6.8193009e+02   5.6123342e+02  -9.9197283e-01
