   6.4715791e+01   4.6443542e+02   2.0142663e+02   5.7113951e+02  -2.3154858e-01
   1.0000000e+00   7.1271045e+02   1.1974808e+02   7.5450686e+02  -3.4119401e-01
   9.4984476e+00   4.6330652e+02   2.6132330e+02   5.9903391e+02  -6.4928150e-01
   1.0000000e+00   6.7012896e+02   1.0568916e+02   7.1108492e+02  -7.3058244e-01
   9.2382060e+02   5.3677939e+02   1.0240000e+03   5.6993248e+02  -8.8522319e-01
   1.3505386e+02   1.8155737e+02   2.6205656e+02   2.4049947e+02  -9.2555797e-01
   3.7389975e+02   5.2512815e+02   4.5230019e+02   5.7705289e+02  -9.4178147e-01
   4.8797903e+02   5.4864491e+02   5.5520879e+02   5.9751895e+02  -9.5892502e-01
   2.3509882e+00   1.2088871e+02   7.0558583e+01   1.7525312e+02  -9.5987101e-01
   2.9309117e+01   1.2212818e+02   1.0961684e+02   1.8995859e+02  -9.6246363e-01
   8.4276212e+02   3.7038518e+02   9.7719835e+02   4.1752603e+02  -9.7236186e-01
   8.6478129e+02   5.2304766e+02   1.0240000e+03   5.9442535e+02  -9.7580342e-01
   3.6644727e+02   3.6797858e+02   4.3418020e+02   4.1265139e+02  -9.8551411e-01
   1.2112599e+02   3.8746223e+02   2.1668710e+02   4.2511235e+02  -9.9089967e-01
   1.9840762e+00   3.9617054e+02   6.5587628e+01   4.4624927e+02  -9.9628510e-01
