   3.4153267e+01   6.4142144e+02   1.4107868e+02   6.8689541e+02  -3.8573736e-01
   1.5302398e+01   7.1515099e+02   1.2153388e+02   7.4789094e+02  -6.6408233e-01
   8.6478129e+02   5.2304766e+02   1.0240000e+03   5.9442535e+02  -8.5244406e-01
   3.5919705e+02   4.0924553e+02   4.3409119e+02   4.6030847e+02  -8.7349573e-01
   1.5539109e+02   3.4894408e+00   2.4111339e+02   3.8331022e+01  -8.8078494e-01
   2.6818417e+00   3.9823536e+02   7.2887527e+01   4.5799758e+02  -9.4492870e-01
   2.4366867e+00   7.8388054e+01   6.4446469e+01   1.3102564e+02  -9.5488914e-01
   2.7842694e+02   5.4589012e+02   5.1376312e+02   7.1913070e+02  -9.5954610e-01
   7.3725777e+02   5.2928069e+02   8.2877342e+02   5.9817930e+02  -9.6726316e-01
   1.2128022e+02   3.7555234e+02   2.2383259e+02   4.5648715e+02  -9.6975775e-01
   4.3546022e+02   4.5462243e+02   4.9432629e+02   4.9898962e+02  -9.9948998e-01
