   8.5056104e+01   4.6063844e+02   1.9246997e+02   5.0050981e+02  -2.9944518e-01
   1.0000000e+00   4.5964031e+02   1.8705831e+02   6.0817908e+02  -5.8827973e-01
   1.6109636e+02   3.3421016e+00   2.4126711e+02   3.8276741e+01  -5.9806027e-01
   5.3472472e+01   1.4797589e+02   1.3653228e+02   1.8181655e+02  -7.5141976e-01
   8.9283496e+02   5.3128129e+02   1.0240000e+03   5.7263643e+02  -7.6211912e-01
   1.1546717e+02   3.7998131e+02   2.2186176e+02   4.3077474e+02  -7.7279230e-01
   1.4315237e+02   1.8178527e+02   2.6026599e+02   2.2685671e+02  -8.6190218e-01
   8.4219843e+02   5.1046659e+02   1.0042264e+03   5.6659471e+02  -8.6855454e-01
   5.1720835e+01   1.2130182e+02   1.3999080e+02   1.6231680e+02  -8.7456614e-01
   2.4919862e+01   1.2123356e+02   1.1031142e+02   1.9304617e+02  -8.9361373e-01
   5.7371171e+01   6.0697079e+02   1.2445322e+02   6.6176675e+02  -9.1585744e-01
   1.0000000e+00   7.1314623e+02   1.1518441e+02   7.4907079e+02  -9.2029097e-01
   2.7096808e+01   5.9419625e+02   1.3276103e+02   6.6914700e+02  -9.3479692e-01
   4.3000378e+02   4.5957192e+02   4.9768550e+02   5.0791572e+02  -9.3771313e-01
   3.2458765e+02   6.1977311e+02   4.3335722e+02   6.9904807e+02  -9.8967040e-01
   1.9720686e+00   7.8304502e+01   6.8711747e+01   1.3138181e+02  -9.9590911e-01
   7.4131728e+02   5.2954658e+02   8.2443492e+02   5.8956849e+02  -9.9933666e-01
