   3.4432150e+00   5.1046537e+02   8.0541386e+01   5.6683473e+02  -5.8791470e-01
   2.7413297e+01   6.3903482e+02   1.3621244e+02   6.8386942e+02  -6.2417085e-01
   8.4333180e+02   5.0962630e+02   1.0063281e+03   5.6611419e+02  -7.5823811e-01
   4.3106459e+02   4.6032630e+02   4.9777202e+02   5.0663288e+02  -8.4696301e-01
   1.0000000e+00   4.8268400e+02   6.9554733e+01   5.5633067e+02  -8.5718365e-01
   2.4462106e+01   5.9306418e+01   9.2762709e+01   1.1346798e+02  -9.0479159e-01
   4.2928088e+01   1.2098999e+02   1.3996416e+02   1.6373866e+02  -9.1248048e-01
   7.3602278e+02   5.2871574e+02   8.2687219e+02   5.9555943e+02  -9.4127105e-01
   8.2671704e+02   3.4688220e+02   9.5523719e+02   4.1607978e+02  -9.6620400e-01
   1.8317731e+02   2.2693239e+02   2.7387109e+02   2.9273943e+02  -9.8575931e-01
   1.2253236e+02   3.9705625e+02   1.8192464e+02   4.4490883e+02  -9.8827990e-01
