   1.0000000e+00   4.7495294e+02   7.6472690e+01   5.2855192e+02  -4.1757939e-01
   1.0000000e+00   7.1481502e+02   1.1393519e+02   7.4980586e+02  -7.6370521e-01
   1.6157124e+02   2.5780556e+00   2.4189976e+02   3.9250436e+01  -7.8350834e-01
   8.4113673e+02   5.1190811e+02   9.5772787e+02   5.5796635e+02  -8.0515889e-01
   1.1626965e+02   3.8672961e+02   2.2199773e+02   4.3006306e+02  -9.0868462e-01
   7.3937097e+02   5.2981991e+02   8.2825899e+02   5.9464675e+02  -9.4400001e-01
   3.1369539e+01   6.3436194e+02   1.3751875e+02   6.7667212e+02  -9.5756809e-01
   3.7083193e+02   3.6043059e+02   4.3810903e+02   4.1033239e+02  -9.6116769e-01
   2.0156727e+00   6.6708532e+02   1.2919639e+02   7.1901603e+02  -9.6204503e-01
   4.3071714e+02   4.5881776e+02   4.9500569e+02   5.0596201e+02  -9.6657167e-01
   1.0000000e+00   1.0000000e+00   1.0764555e+02   8.6822202e+01  -9.9512781e-01
   1.0000000e+00   4.6747272e+02   1.0352418e+02   5.5426641e+02  -9.9809496e-01
