   4.8880909e+01   4.7128661e+02   1.8903490e+02   5.7790650e+02  -1.0780003e-01
   1.0000000e+00   7.1335806e+02   1.2645343e+02   7.4900351e+02  -4.6513739e-01
   1.0000000e+00   4.3756994e+02   1.9597124e+02   5.9186527e+02  -4.7569574e-01
   4.8775304e+01   1.1832437e+02   1.3749103e+02   1.6818983e+02  -7.6636116e-01
   1.2897239e+02   3.8617740e+02   2.2015369e+02   4.2079632e+02  -8.3034203e-01
   1.0000000e+00   6.6940551e+02   1.0561020e+02   7.1204447e+02  -8.3297494e-01
   7.5518907e+02   5.1412809e+02   8.6638045e+02   5.4595804e+02  -8.4021631e-01
   2.5991262e+00   3.9726480e+01   5.9760294e+01   9.1317578e+01  -9.1339836e-01
   8.4310176e+02   5.1656135e+02   9.5593937e+02   5.5623458e+02  -9.2711835e-01
   3.5273809e+02   2.8410342e+02   4.5594464e+02   3.6691499e+02  -9.4116825e-01
   3.7000638e+02   3.6443273e+02   4.2980044e+02   4.1215869e+02  -9.6372393e-01
   8.9273705e+02   5.3236711e+02   1.0240000e+03   5.7253255e+02  -9.7093091e-01
   3.2352513e+00   2.6270633e+02   8.3643738e+01   3.2764779e+02  -9.7356211e-01
   1.4434787e+02   1.8195198e+02   2.6150122e+02   2.2676385e+02  -9.9339789e-01
