   1.1309431e+02   7.1398716e+02   2.1813361e+02   7.4688936e+02  -7.1190746e-01
   1.6914177e+00   4.6428515e+02   9.8717721e+01   5.0164470e+02  -7.7779913e-01
   1.9156447e+01   6.1156552e+02   1.3354460e+02   6.6219663e+02  -7.9618423e-01
   8.9035488e+02   5.3182637e+02   1.0240000e+03   5.7113402e+02  -8.4680421e-01
   8.5619926e+00   5.0406933e+02   2.5750832e+02   7.0955579e+02  -8.5898869e-01
   3.7006665e+02   2.7993820e+02   4.4419339e+02   3.3955355e+02  -8.7438165e-01
   9.3115599e+02   4.2078429e+02   1.0240000e+03   5.0031889e+02  -8.8696019e-01
   6.6924758e+02   5.5024191e+02   7.4174558e+02   5.9786918e+02  -8.9629622e-01
   4.3582886e+02   4.5529823e+02   4.9727938e+02   5.0193712e+02  -9.0480428e-01
   3.0673981e+01   5.9861706e+01   9.4196910e+01   1.0930459e+02  -9.3077119e-01
   3.0491516e+02   5.4873215e+02   3.9172084e+02   6.0805375e+02  -9.3427795e-01
   7.3748224e+02   5.2961508e+02   8.2400343e+02   5.9919595e+02  -9.6869860e-01
   8.9330503e+02   5.0443361e+02   1.0215919e+03   5.9375177e+02  -9.7274005e-01
   3.2794189e+00   3.9856496e+02   6.7917720e+01   4.5409186e+02  -9.7278280e-01
   1.0000000e+00   4.4143214e+02   1.0835648e+02   4.8949517e+02  -9.9505435e-01
   2.4633921e+02   7.0227836e+02   3.2824171e+02   7.6135185e+02  -9.9725146e-01
   2.2238282e+01   1.1651243e+02   1.3139781e+02   1.6699817e+02  -9.9815422e-01
