   4.7780419e+01   4.7605730e+02   1.7634807e+02   5.7699532e+02  -7.7960396e-02
   4.6478581e+00   3.3394502e+02   1.5454741e+02   4.0153963e+02  -5.5614275e-01
   1.0105043e+01   4.6749853e+02   2.6987827e+02   5.9004829e+02  -6.4971741e-01
   5.2098154e+00   9.8434144e+01   1.1182435e+02   1.4481720e+02  -7.3191412e-01
   1.0000000e+00   3.8871772e+02   1.5459665e+02   4.6434123e+02  -7.3320372e-01
   4.3776940e+00   5.4333123e+02   2.3071227e+02   6.5340528e+02  -7.7668616e-01
   3.5722920e+02   4.1596628e+02   4.4732939e+02   4.8520217e+02  -7.8294592e-01
   1.0984948e+01   5.5607986e+01   2.8190705e+02   2.1640755e+02  -8.2420784e-01
   5.3255137e+02   6.4543267e+02   6.1718002e+02   7.0232927e+02  -9.1435553e-01
   1.0000000e+00   1.8005457e+02   8.4177829e+01   2.4604693e+02  -9.3662920e-01
   3.1984338e+02   5.1068122e+02   6.3116048e+02   7.6026454e+02  -9.5189428e-01
   5.0699333e+02   4.3421635e+02   6.3662509e+02   4.9385237e+02  -9.9690324e-01
