   7.8044340e+01   4.7363960e+02   1.9663489e+02   5.6418008e+02   2.7969289e-01
   4.4608940e+02   4.7666741e+02   5.1219464e+02   5.2820439e+02  -5.1673404e-01
   2.7524324e+01   6.4605861e+02   1.4971095e+02   6.9122896e+02  -6.0133844e-01
   2.3603343e+00   5.5249301e+02   1.0017753e+02   5.9392870e+02  -6.5337229e-01
   2.0905336e+00   4.6601303e+02   2.2549236e+02   5.6808526e+02  -7.6456486e-01
   2.5223835e+02   1.6874812e+02   3.3526790e+02   2.0860355e+02  -8.3895695e-01
   9.1278757e+02   4.8214598e+02   1.0240000e+03   5.2655678e+02  -9.2895927e-01
   8.1937247e+01   5.4786568e+02   2.1809672e+02   6.0241658e+02  -9.4962581e-01
   3.6906987e+00   4.0059214e+02   7.8774489e+01   4.5987640e+02  -9.8987204e-01
   3.7827088e+02   4.3004106e+02   4.4128069e+02   4.7695165e+02  -9.9222291e-01
