   1.0000000e+00   4.7040654e+02   8.8709229e+01   5.4265946e+02  -1.1489489e-01
   1.0000000e+00   6.7198958e+02   1.0600403e+02   7.1208234e+02  -3.2116917e-01
   1.3399806e+01   7.1516298e+02   1.1719074e+02   7.4790477e+02  -8.0103759e-01
   1.2163887e+02   3.8813118e+02   2.1831966e+02   4.2532191e+02  -8.2928668e-01
   2.7833223e+02   5.4716465e+02   5.1462437e+02   7.1759419e+02  -8.3676772e-01
   1.0768730e+02   6.3715461e+02   1.9136772e+02   6.9756130e+02  -9.1346603e-01
   5.0040136e+01   6.0499506e+02   1.2455519e+02   6.6623528e+02  -9.1873170e-01
   7.3662972e+02   5.2925005e+02   8.2568951e+02   5.9556202e+02  -9.4559466e-01
   1.1846287e+02   3.7386923e+02   2.2113912e+02   4.5168251e+02  -9.5472417e-01
   1.3492189e+02   1.8286427e+02   2.6192261e+02   2.4082268e+02  -9.7239728e-01
   5.2258147e+00   7.5821091e+01   6.8371417e+01   1.2872176e+02  -9.7517240e-01
   1.0000000e+00   3.9284261e+02   7.1902656e+01   4.5414355e+02  -9.7786965e-01
   3.4844847e+02   4.1343331e+02   4.3870605e+02   4.7184203e+02  -9.9665137e-01
