   1.0923327e+01   4.6945081e+02   2.2009134e+02   5.9357211e+02   6.9417421e-01
   3.1132480e+01   6.4222013e+02   1.4027276e+02   6.8595106e+02  -4.7089175e-01
   1.0482268e+01   7.1404885e+02   1.2556231e+02   7.4730784e+02  -8.0361249e-01
   2.1233404e+01   2.0936348e+02   1.1699569e+02   2.4577885e+02  -8.3789564e-01
   8.7094197e+02   5.3183264e+02   1.0240000e+03   5.9257252e+02  -8.6696798e-01
   4.0016808e+02   5.7922566e+02   4.6372013e+02   6.3012349e+02  -8.7925574e-01
   6.7651813e+00   1.0640025e+02   1.3072898e+02   1.7293125e+02  -8.8142509e-01
   8.3890688e+02   5.1092092e+02   9.5749731e+02   5.5769008e+02  -8.8368990e-01
   6.1554685e+02   5.1214685e+02   6.8280969e+02   5.6142634e+02  -8.8817822e-01
   2.8182106e+00   7.1930317e+01   6.6044411e+01   1.2950080e+02  -9.0847215e-01
   4.3186761e+02   4.5684727e+02   4.9440619e+02   5.0253501e+02  -9.2765635e-01
   1.2452327e+02   3.8630454e+02   2.1670523e+02   4.2663477e+02  -9.4284277e-01
   1.4034421e+02   1.5971644e+02   2.4443246e+02   2.3525962e+02  -9.6656750e-01
   1.4085951e+01   2.3396701e+02   1.3679184e+02   3.2183115e+02  -9.7180555e-01
