   8.3491341e+01   4.7295115e+02   1.9724207e+02   5.5735640e+02   1.8785735e-01
   7.4158579e+01   4.7011618e+02   2.7412543e+02   5.6958753e+02  -3.8246984e-01
   1.0000000e+00   3.9592333e+02   9.7643541e+01   4.3413114e+02  -4.0356540e-01
   1.1672049e+02   3.8571507e+02   2.2156951e+02   4.3019578e+02  -7.5791588e-01
   8.2675910e+02   3.4686317e+02   9.5817557e+02   4.1582611e+02  -8.2115915e-01
   7.0226026e+02   5.8061738e+02   8.7907717e+02   6.5321227e+02  -8.2150727e-01
   4.4231357e+02   4.6127230e+02   5.0241334e+02   5.0975490e+02  -8.7280312e-01
   2.9986357e+01   6.3367280e+02   1.4449553e+02   6.8119256e+02  -9.0116675e-01
   1.0000000e+00   1.0000000e+00   1.0748055e+02   8.4864299e+01  -9.1468894e-01
   3.7294065e+02   3.6008278e+02   4.3812432e+02   4.1001930e+02  -9.2766734e-01
   1.0218398e+02   6.3669761e+02   1.8469235e+02   6.9551379e+02  -9.3346587e-01
   5.2678701e+00   7.6390857e+01   6.9235158e+01   1.2804990e+02  -9.6689873e-01
   5.5296700e+00   4.4655558e+02   8.5661989e+01   5.1453371e+02  -9.7831697e-01
   1.0000000e+00   6.6997325e+02   1.0515589e+02   7.1277932e+02  -9.8705250e-01
   1.0000000e+00   1.2311694e+02   8.1975667e+01   1.9250119e+02  -9.8925781e-01
   1.2747089e+01   7.1607921e+02   1.2148308e+02   7.4840682e+02  -9.9340840e-01
