   4.8888472e+01   4.7072763e+02   1.8850025e+02   5.7740745e+02  -5.0963015e-02
   1.0000000e+00   4.3756994e+02   1.9597124e+02   5.9186527e+02  -4.9178953e-01
   1.0000000e+00   6.7111940e+02   1.0558764e+02   7.1132987e+02  -5.6507580e-01
   8.5304151e+02   5.1164271e+02   1.0063865e+03   5.6252004e+02  -7.7115196e-01
   1.5091396e+01   7.1487057e+02   1.2162238e+02   7.4781366e+02  -8.4743223e-01
   5.3208317e+01   1.1914261e+02   1.3805605e+02   1.6499474e+02  -8.6704469e-01
   1.4122645e+02   1.8143672e+02   2.6127709e+02   2.3017788e+02  -8.7130566e-01
   1.2228285e+02   3.8679796e+02   2.1526450e+02   4.2508597e+02  -8.7838510e-01
   1.0000000e+00   1.0000000e+00   1.0807983e+02   8.7227554e+01  -8.9763312e-01
   1.2960845e+01   6.0712077e+02   1.3740620e+02   6.6359879e+02  -9.0699137e-01
   4.3299781e+02   4.6046172e+02   4.9601426e+02   5.0714303e+02  -9.2037070e-01
   8.2939161e+02   3.4762686e+02   9.7094283e+02   4.1428960e+02  -9.8462438e-01
   1.8698038e+01   3.6445680e+02   8.3278545e+01   4.1682673e+02  -9.8813356e-01
   3.2456774e+02   6.2015830e+02   4.3168280e+02   6.9783383e+02  -9.9518028e-01
