   3.0253607e+01   6.4193557e+02   1.3804624e+02   6.8646811e+02  -5.1227715e-01
   2.9594738e+00   7.6774229e+01   6.8465368e+01   1.3135723e+02  -7.3174366e-01
   1.6692920e+02   5.1057557e+02   2.9696414e+02   5.6503536e+02  -8.0861828e-01
   7.8937288e+02   4.2809690e+02   8.9277169e+02   4.6581780e+02  -9.2628469e-01
   7.3960643e+02   5.2812284e+02   8.1907186e+02   5.9089379e+02  -9.3117662e-01
   1.8080477e+00   2.4584013e+01   6.2244228e+01   7.4572236e+01  -9.4377009e-01
   1.3012182e+01   4.7498579e+01   9.0251074e+01   1.2103818e+02  -9.4641139e-01
   9.3395874e+00   1.9039507e+02   1.1869273e+02   2.5126379e+02  -9.5316343e-01
   1.2461582e+02   3.8779423e+02   2.1638038e+02   4.2563139e+02  -9.5623040e-01
   8.3395833e+02   4.4211332e+02   9.1050021e+02   4.9472903e+02  -9.6840537e-01
