   1.0000000e+00   4.7954679e+02   7.3297660e+01   5.4958400e+02  -5.4661617e-01
   1.2217463e+02   3.8665944e+02   2.1777305e+02   4.2602753e+02  -6.0232604e-01
   1.0000000e+00   7.1305843e+02   1.2612077e+02   7.5187311e+02  -6.2350747e-01
   8.3273167e+02   5.1020574e+02   9.6266879e+02   5.5977793e+02  -8.5981199e-01
   4.3038086e+02   4.5892867e+02   4.9538292e+02   5.0650267e+02  -9.3433767e-01
   3.7238625e+02   3.5970765e+02   4.3464332e+02   4.0998450e+02  -9.6341067e-01
   3.6779878e+02   2.8043153e+02   4.4351387e+02   3.3872760e+02  -9.8427877e-01
   1.1986159e+02   3.7490338e+02   2.2164864e+02   4.5347771e+02  -9.8575967e-01
   1.6221460e+02   2.7412761e+00   2.4244798e+02   3.8984060e+01  -9.8587701e-01
   3.2044102e+02   5.5587089e+02   5.0212917e+02   6.9454137e+02  -9.8626125e-01
   3.1284058e+01   7.3018163e+01   1.1215030e+02   1.1352667e+02  -9.9098432e-01
   7.4410525e+02   5.3695110e+02   8.1821571e+02   5.9460638e+02  -9.9098506e-01
   9.5938867e+01   4.5901278e+02   1.6687134e+02   5.1472434e+02  -9.9810973e-01
