   1.7567170e+01   6.4317577e+01   9.2897234e+01   1.0509965e+02  -6.3652354e-01
   8.3896852e+02   5.1453478e+02   9.9672181e+02   5.6170443e+02  -7.4474107e-01
   1.6154349e+02   2.5906094e+00   2.3996115e+02   3.9417799e+01  -8.0050472e-01
   1.2369970e+02   3.8872546e+02   2.1979222e+02   4.2555569e+02  -8.4124196e-01
   7.3662972e+02   5.2925005e+02   8.2568951e+02   5.9556202e+02  -9.1095638e-01
   3.6969334e+02   2.8277021e+02   4.4467823e+02   3.4050728e+02  -9.2052733e-01
   1.0000000e+00   1.0000000e+00   1.0774982e+02   8.3311748e+01  -9.6400118e-01
   1.2176615e+02   4.0100695e+02   1.9030028e+02   4.5386426e+02  -9.6857111e-01
   6.1907128e+00   2.7963741e+02   1.2336407e+02   3.7027947e+02  -9.6996923e-01
   9.5638951e+02   6.9011128e+02   1.0240000e+03   7.4114839e+02  -9.7628818e-01
   1.1834071e+02   3.7331099e+02   2.2374027e+02   4.5480271e+02  -9.9508942e-01
