   8.1726110e+01   4.7194787e+02   1.9584286e+02   5.5724488e+02   1.7457700e-01
   1.0000000e+00   7.1265134e+02   1.1993987e+02   7.5253966e+02  -2.9661585e-01
   7.1916123e+01   4.6997865e+02   2.7561308e+02   5.7023347e+02  -5.1303280e-01
   4.4858632e+02   4.6183644e+02   5.1384056e+02   5.0908049e+02  -8.0499390e-01
   6.1230638e+02   5.5536850e+02   1.0146662e+03   7.4452097e+02  -8.0836320e-01
   9.4410467e+02   4.6551522e+02   1.0240000e+03   5.2367198e+02  -8.1614845e-01
   3.7890118e+00   3.9898068e+02   6.7350509e+01   4.5292291e+02  -8.6468263e-01
   4.9999689e+01   1.1840779e+02   1.3780735e+02   1.6679738e+02  -8.7751346e-01
   1.2153420e+02   3.8806522e+02   2.1615207e+02   4.2557983e+02  -8.9041039e-01
   3.7294443e+02   3.5980329e+02   4.3785699e+02   4.0976978e+02  -9.1093150e-01
   2.7883148e+00   5.1556884e+02   1.0280213e+02   5.9222738e+02  -9.2493898e-01
   8.3273167e+02   5.1020574e+02   9.6266879e+02   5.5977793e+02  -9.7728932e-01
   3.3995118e+02   5.0383803e+02   4.1299739e+02   5.5690973e+02  -9.9101377e-01
