   9.3759162e+00   4.9691402e+02   2.8090358e+02   6.4220652e+02  -5.0403894e-02
   6.7776813e+02   5.3963075e+02   1.0240000e+03   6.7692356e+02  -5.3741596e-01
   2.9327328e+02   6.5156279e+02   3.9689246e+02   6.7884351e+02  -6.0628136e-01
   1.2427379e+00   3.9046860e+02   7.7476485e+01   4.4685498e+02  -7.3241500e-01
   9.2921801e+02   4.8024904e+02   1.0240000e+03   5.1401259e+02  -7.7069239e-01
   3.1717669e+00   7.5272390e+01   1.1593580e+02   1.2478688e+02  -8.3622371e-01
   1.0000000e+00   5.7529160e+02   3.0107200e+02   7.1172798e+02  -8.4588463e-01
   1.0000000e+00   2.9608940e+02   8.6411547e+01   3.5530729e+02  -9.3919600e-01
   8.1106893e+02   1.0097570e+02   8.7931140e+02   1.5649873e+02  -9.6214849e-01
   3.0669480e+00   1.6723861e+02   7.1106818e+01   2.2461467e+02  -9.6809048e-01
