   1.0000000e+00   4.1494143e+02   2.3392145e+02   6.1778185e+02  -5.8213472e-01
   9.2785483e+02   5.5721845e+02   1.0240000e+03   6.3102541e+02  -6.8339844e-01
   6.4604613e+02   6.1868491e+02   7.2915651e+02   6.8170079e+02  -7.1171269e-01
   2.4410619e+02   6.4834548e+02   3.3499948e+02   6.8356209e+02  -7.1304435e-01
   7.1742785e+02   3.6697656e+02   1.0240000e+03   4.9459124e+02  -7.9711885e-01
   4.0588404e+02   5.3921591e+02   4.8399861e+02   5.9208077e+02  -8.1769837e-01
   4.3538929e+02   6.7095985e+01   5.1594988e+02   1.3619128e+02  -8.2839196e-01
   3.4876305e+02   5.9746943e+02   4.3720968e+02   6.6645605e+02  -8.2916251e-01
   5.0926623e+00   8.0172456e+00   6.1655477e+01   5.7226076e+01  -9.6516649e-01
   1.7499685e+02   5.5267238e+01   2.4455108e+02   1.1473744e+02  -9.6936970e-01
