   5.3579025e+01   4.6243171e+02   1.7786771e+02   5.6434658e+02  -9.9319098e-02
   8.2277801e+02   4.9228795e+02   9.2451508e+02   5.6745453e+02  -4.0475139e-01
   1.1517056e+01   4.6397705e+02   2.6928691e+02   5.9933699e+02  -5.4899674e-01
   1.0000000e+00   1.0122670e+02   1.2241672e+02   1.5656488e+02  -5.6959630e-01
   7.8752533e+02   4.5381822e+02   9.0917650e+02   5.0041423e+02  -7.4207052e-01
   1.0000000e+00   2.8036766e+02   6.5267073e+01   3.3296985e+02  -7.8479867e-01
   8.0840181e+02   4.8712028e+02   9.7424939e+02   6.0575853e+02  -7.8750283e-01
   3.2704614e+02   5.2825776e+02   5.6950711e+02   7.2775047e+02  -8.8526095e-01
   9.1977688e+02   3.5131997e+02   1.0212817e+03   3.9205614e+02  -9.1311629e-01
   3.0989420e+00   3.8619196e+02   1.0057910e+02   4.5782260e+02  -9.2145284e-01
   8.7230927e+02   3.4972803e+02   1.0240000e+03   4.1145436e+02  -9.5948552e-01
   3.3679127e+00   1.7893043e+02   9.7561038e+01   2.5770174e+02  -9.7680690e-01
   5.7248946e+02   4.7320571e+02   6.7037005e+02   5.4401179e+02  -9.7976174e-01
   9.2328260e+02   5.5986680e+02   1.0240000e+03   6.3781713e+02  -9.8056171e-01
   1.0000000e+00   1.3605872e+02   7.9217220e+01   1.9955523e+02  -9.8487576e-01
   5.6116224e+02   6.9518427e+02   6.3958147e+02   7.5092450e+02  -9.9223533e-01
   3.4285201e+02   2.5348865e+02   4.1046817e+02   3.0451267e+02  -9.9284229e-01
