   4.7192903e+00   4.6510180e+02   2.4396031e+02   5.7903197e+02   7.6240451e-02
   8.9273221e+02   5.3241396e+02   1.0240000e+03   5.7282848e+02  -8.0497538e-01
   3.7287617e+02   3.6028514e+02   4.3501222e+02   4.1143926e+02  -8.7707132e-01
   8.6549202e+02   5.1929388e+02   1.0240000e+03   5.9914832e+02  -9.2729873e-01
   1.6181229e+01   6.3368729e+02   1.3964000e+02   6.8118639e+02  -9.3028009e-01
   2.9314376e+00   4.0126834e+02   9.4998163e+01   4.3773227e+02  -9.3360346e-01
   2.4751960e+01   5.9457930e+01   9.5481392e+01   1.1269947e+02  -9.3813436e-01
   7.7249613e+00   1.0546619e+02   1.3317908e+02   1.7295163e+02  -9.4718636e-01
   1.6178098e+02   2.8003605e+00   2.4215123e+02   3.9030580e+01  -9.5382372e-01
   3.7002443e+02   2.8075530e+02   4.4064140e+02   3.3697775e+02  -9.5399612e-01
   1.0000000e+00   1.0000000e+00   1.0764555e+02   8.6822202e+01  -9.7677769e-01
   3.2523634e+02   5.5400386e+02   5.1028791e+02   7.0140530e+02  -9.7877345e-01
   1.2073351e+02   3.8834544e+02   2.1705989e+02   4.2499681e+02  -9.9175053e-01
