   1.9859373e+00   4.4364204e+02   2.1483187e+02   6.0724848e+02  -5.3870786e-02
   4.2586923e+02   5.3618342e+02   6.3769077e+02   6.1739891e+02  -8.0170598e-01
   2.1054989e+02   9.2165768e+01   3.0038224e+02   1.3679717e+02  -8.1820098e-01
   9.2021554e+02   5.2100683e+02   1.0240000e+03   5.9952492e+02  -8.3267082e-01
   5.4933886e+02   6.0475520e+02   6.1799296e+02   6.5465616e+02  -8.8308857e-01
   6.8921384e+01   2.0353597e+02   1.3699647e+02   2.5834385e+02  -8.8367571e-01
   6.3232005e+02   6.5743540e+02   6.9812152e+02   7.0627246e+02  -8.9200164e-01
   4.5263447e+02   3.7161545e+02   5.4460347e+02   4.4146288e+02  -9.2258882e-01
   1.8485157e+02   1.0427551e+02   2.4813091e+02   1.5446019e+02  -9.2697583e-01
   1.0000000e+00   5.4516028e+02   2.6564468e+02   7.5195026e+02  -9.4412566e-01
