   2.0680212e+01   4.6958052e+02   1.0170244e+02   5.2733015e+02  -1.6102823e-01
   1.0000000e+00   4.7031525e+02   1.6854163e+02   5.3252081e+02  -4.6083852e-01
   1.6200486e+02   2.5189713e+00   2.4219651e+02   3.9203917e+01  -6.2745249e-01
   1.3472946e+02   1.8258002e+02   2.6217482e+02   2.4060231e+02  -8.1357902e-01
   1.2379219e+02   3.8737778e+02   2.1744593e+02   4.2426218e+02  -8.5416784e-01
   3.3400224e+02   4.3407452e+02   4.5099091e+02   4.8411910e+02  -8.6814922e-01
   1.8694299e+01   7.1549911e+02   1.3101106e+02   7.4772758e+02  -9.1303366e-01
   1.2172234e+00   3.8892329e+01   5.9475987e+01   8.7944017e+01  -9.3612258e-01
   8.5972708e+02   5.2636138e+02   1.0240000e+03   5.9000476e+02  -9.3759879e-01
   1.0000000e+00   4.7919331e+02   1.1467566e+02   5.8380200e+02  -9.4559629e-01
   3.2886743e+02   4.3102032e+02   5.0456220e+02   5.1229155e+02  -9.5074388e-01
   2.7129520e+00   6.7017371e+02   1.1243214e+02   7.1452240e+02  -9.6964807e-01
   1.1460551e+02   5.1486157e+02   2.0243515e+02   5.8590605e+02  -9.6995351e-01
   2.2877074e+01   1.1884166e+02   1.0972766e+02   1.9127531e+02  -9.8260079e-01
   3.6708859e+00   3.9896661e+02   7.3247812e+01   4.5926698e+02  -9.9530632e-01
