   1.0000000e+00   7.1327771e+02   1.2725135e+02   7.5333923e+02  -4.8027036e-01
   1.1574971e+02   3.8625280e+02   2.2038344e+02   4.3032587e+02  -7.5719053e-01
   7.2563886e+02   5.2082178e+02   8.7667366e+02   5.7844175e+02  -7.7213931e-01
   9.2187159e+00   1.9617861e+02   1.2265389e+02   2.5686331e+02  -8.2536406e-01
   8.2255130e+02   3.6329026e+02   9.4681647e+02   4.0766312e+02  -9.0354373e-01
   1.9801419e+01   6.3278469e+02   1.3354919e+02   6.8185374e+02  -9.0583287e-01
   1.0000000e+00   3.7332107e+02   7.2354865e+01   4.2347624e+02  -9.1692286e-01
   2.9654335e+02   5.2083159e+02   3.6919351e+02   5.7075721e+02  -9.3109224e-01
   4.3392803e+02   4.5522427e+02   4.9413618e+02   5.0401225e+02  -9.3359067e-01
   9.0948886e+02   4.3965500e+02   1.0132316e+03   5.1850404e+02  -9.3485267e-01
   1.0000000e+00   6.6836298e+02   1.2207170e+02   7.1122169e+02  -9.3553129e-01
   2.3313559e+01   4.8150100e+02   1.1865972e+02   5.1641921e+02  -9.4481435e-01
   1.9070619e+02   2.3416458e+02   2.6438483e+02   2.9577220e+02  -9.7305722e-01
   6.2467112e+02   5.1114325e+02   6.8788547e+02   5.5775942e+02  -9.7627115e-01
   9.3472338e+02   6.2776119e+02   1.0236221e+03   6.8954746e+02  -9.7677801e-01
   3.2913534e+00   4.3265880e+02   1.0033724e+02   5.0567511e+02  -9.8173062e-01
   3.5423471e+02   2.8178397e+02   4.5557120e+02   3.6687773e+02  -9.9528780e-01
