   1.6042908e+00   4.4688660e+02   2.1691727e+02   6.1231218e+02   8.3749078e-02
   8.7593428e+02   5.1062150e+02   1.0240000e+03   5.8564071e+02  -5.0448534e-01
   3.3774319e+02   5.2266300e+02   4.0705381e+02   5.7371985e+02  -5.8665107e-01
   2.1287679e+00   3.5719924e+02   1.5539971e+02   4.3350625e+02  -6.9612031e-01
   3.5240745e+02   6.7998278e+02   4.8389802e+02   7.2955172e+02  -7.2994908e-01
   2.9840653e+02   5.9456891e+02   3.7205443e+02   6.4731637e+02  -7.4461020e-01
   7.4411065e+02   5.8073272e+00   9.3573781e+02   8.3478189e+01  -8.2843801e-01
   4.3502272e+02   3.8891811e+02   5.2892014e+02   4.6452070e+02  -8.3896002e-01
   1.2167014e+01   5.7698878e+02   2.8649714e+02   6.9313579e+02  -9.0317108e-01
   8.5945717e+02   5.7064036e+01   9.3792011e+02   1.1109549e+02  -9.2841900e-01
   1.2911702e+01   4.7125137e+02   3.2995348e+02   6.5760581e+02  -9.3593965e-01
   1.3855163e+00   1.7401102e+02   6.4099866e+01   2.1743964e+02  -9.4731482e-01
   6.5274109e+02   4.8847215e+00   7.3255707e+02   6.3050858e+01  -9.5389786e-01
   7.5311738e+02   1.2984805e+02   8.2266252e+02   1.8651407e+02  -9.5944908e-01
   4.1041029e+02   2.5551664e+02   5.0067184e+02   2.9405627e+02  -9.6859074e-01
   9.1540712e+02   3.6253512e+02   1.0240000e+03   3.9676325e+02  -9.8327234e-01
   7.6194750e+02   4.8516851e+02   1.0228770e+03   6.0311181e+02  -9.8811773e-01
   4.8026454e+02   5.9692377e+02   5.5165106e+02   6.5115516e+02  -9.9495108e-01
