   1.2247818e+02   3.8719646e+02   2.1507042e+02   4.2675293e+02  -4.5442633e-01
   1.0000000e+00   7.1755425e+02   1.1431737e+02   7.5723502e+02  -6.1434602e-01
   8.4286895e+02   5.1608388e+02   9.5607960e+02   5.5631154e+02  -6.8841800e-01
   1.6157124e+02   2.5780556e+00   2.4189976e+02   3.9250436e+01  -7.9616469e-01
   8.3334391e+02   5.0971268e+02   1.0118263e+03   5.7766225e+02  -8.2295766e-01
   1.0000000e+00   1.0000000e+00   1.0774982e+02   8.3311748e+01  -8.6219696e-01
   2.1714995e+00   2.7714105e+02   1.1778340e+02   3.5786853e+02  -9.0200167e-01
   9.5143465e+01   4.6464112e+02   1.8924583e+02   5.0117357e+02  -9.8080739e-01
   2.1583444e+00   3.9995240e+02   6.9079720e+01   4.5769821e+02  -9.8646673e-01
   3.4391108e+01   6.4625639e+01   9.6934914e+01   1.1395938e+02  -9.8776861e-01
