   7.8044340e+01   4.7363960e+02   1.9663489e+02   5.6418008e+02   2.6929507e-01
   1.3883842e+00   4.6349074e+02   2.2463085e+02   5.7144600e+02  -5.6485701e-01
   4.5259925e+02   4.8469859e+02   5.1794215e+02   5.3663562e+02  -6.4016565e-01
   3.4407603e+02   5.3633648e+02   4.1543876e+02   5.8701715e+02  -8.0101430e-01
   8.5923773e+02   5.2192122e+02   1.0069275e+03   5.7094753e+02  -8.4124015e-01
   1.1993528e+02   3.9426344e+02   2.1232486e+02   4.3343268e+02  -8.6682025e-01
   3.9226399e+00   4.0589665e+02   6.8531505e+01   4.6321618e+02  -9.0002051e-01
   3.1941283e+00   3.1863366e+01   6.0347684e+01   8.0348901e+01  -9.2958803e-01
   3.3799304e+02   6.3645555e+02   4.2541818e+02   7.0410963e+02  -9.4893272e-01
   1.4215517e+02   1.8393929e+02   2.6794035e+02   2.3531641e+02  -9.4929257e-01
   1.0000000e+00   7.2213887e+02   1.2631570e+02   7.6344417e+02  -9.6687744e-01
   1.2303273e+00   5.5538441e+02   1.0885116e+02   5.9587080e+02  -9.7332296e-01
   3.5991353e+02   4.1226348e+02   4.3140042e+02   4.6702360e+02  -9.9184051e-01
   9.4051586e+02   4.2394651e+02   1.0165383e+03   4.7134742e+02  -9.9348732e-01
