   1.0000000e+00   4.8050840e+02   9.5500733e+01   5.2114378e+02   2.7300997e-01
   1.0000000e+00   4.7590965e+02   1.4056068e+02   5.4071497e+02  -2.9648426e-01
   4.6684305e+01   1.2013766e+02   1.4036759e+02   1.6679245e+02  -6.5322559e-01
   1.0000000e+00   5.8012465e+02   2.8330900e+02   7.2420573e+02  -7.1617203e-01
   1.2161102e+02   3.8806870e+02   2.1598946e+02   4.2422452e+02  -7.2132708e-01
   4.3030278e+02   4.6053367e+02   4.9563739e+02   5.0601697e+02  -7.7583708e-01
   1.2265389e+01   7.1504202e+02   1.2076035e+02   7.4813330e+02  -7.7941840e-01
   1.4315237e+02   1.8178527e+02   2.6026599e+02   2.2685671e+02  -8.8760723e-01
   9.3185418e+02   4.2120573e+02   1.0240000e+03   5.0202334e+02  -9.2532667e-01
   2.8296205e+01   1.2763380e+02   1.1116894e+02   1.9140605e+02  -9.5747864e-01
   1.5539109e+02   3.4894408e+00   2.4111339e+02   3.8331022e+01  -9.7823109e-01
   3.9908296e+02   5.8029694e+02   4.6635962e+02   6.2713949e+02  -9.8971009e-01
