   1.0000000e+00   4.5284499e+02   2.2179352e+02   5.4657678e+02   4.1236242e-02
   6.7739676e+02   4.7947520e+02   7.7270357e+02   5.5314981e+02  -2.5026642e-01
   3.0433778e+02   7.6514635e+01   3.8346001e+02   1.2140766e+02  -7.8125655e-01
   8.6126643e+02   5.6233083e+02   1.0186284e+03   6.8216507e+02  -7.8363894e-01
   5.3704495e+01   3.2985647e+02   1.6352993e+02   3.7667993e+02  -7.8957251e-01
   3.3725520e+00   1.5822121e+01   8.8409510e+01   8.0376465e+01  -8.2114215e-01
   6.6795918e+02   4.5025682e+02   7.8597784e+02   5.2497136e+02  -8.4815676e-01
   1.1929394e+01   4.4722716e+02   3.0070522e+02   5.8610009e+02  -8.7177822e-01
   5.8825812e+02   4.2828577e+02   7.7994508e+02   5.1358914e+02  -8.8747668e-01
   8.9431912e+01   6.7249537e+02   1.9915872e+02   7.5952469e+02  -8.9583771e-01
   1.8969401e+01   3.7643762e+02   1.5685519e+02   4.3736341e+02  -9.0281269e-01
   8.6266246e+02   6.3006162e+02   1.0240000e+03   7.4964023e+02  -9.2192747e-01
   6.4341815e+02   7.0265524e+02   7.3233340e+02   7.6666422e+02  -9.2413625e-01
   1.0000000e+00   5.5025823e+02   2.7854866e+02   7.6397747e+02  -9.3863156e-01
   6.8203072e+00   1.5247052e+02   9.3071639e+01   2.2395520e+02  -9.6292809e-01
   1.0563522e+02   3.5195820e+02   2.0931911e+02   4.2882726e+02  -9.7180950e-01
   7.4974327e+02   6.4671286e+02   8.3980918e+02   7.1345695e+02  -9.7801912e-01
   1.6703240e+00   2.4795065e+02   1.1345873e+02   3.3392138e+02  -9.7817419e-01
   4.2766199e+02   6.4112960e+02   5.0112761e+02   6.9020610e+02  -9.8061134e-01
   1.0000000e+00   3.5838079e+02   6.8837171e+01   4.0667612e+02  -9.8215393e-01
   1.2572424e+02   1.3074521e+02   2.2830563e+02   1.7804215e+02  -9.8623931e-01
   2.2529543e+00   3.3040130e+02   1.5632211e+02   4.0524569e+02  -9.8856754e-01
   6.5916103e+02   4.5925487e+02   8.0778010e+02   5.6969806e+02  -9.9778084e-01
