   7.7629657e+01   4.7165518e+02   1.9641121e+02   5.6303305e+02  -3.3893601e-01
   8.4256459e+02   5.1599790e+02   9.5681442e+02   5.5660894e+02  -4.5054654e-01
   1.0000000e+00   5.1636322e+02   9.9369757e+01   5.9305610e+02  -7.6803809e-01
   1.5588785e+00   4.0144234e+02   9.4259641e+01   4.3913638e+02  -8.1369188e-01
   1.2269112e+02   3.8600722e+02   2.1643698e+02   4.2651765e+02  -8.8349502e-01
   4.7683271e+01   1.1917035e+02   1.3855402e+02   1.6701672e+02  -9.0343306e-01
   3.0990181e+01   6.3691771e+02   1.3069259e+02   6.7036320e+02  -9.2506649e-01
   1.3768270e+02   7.2551921e+02   2.5201639e+02   7.6800000e+02  -9.4791602e-01
   9.2176732e+02   4.9310080e+02   1.0240000e+03   5.7528371e+02  -9.5842929e-01
   1.0000000e+00   3.7364444e+02   7.3828474e+01   4.2573209e+02  -9.5933340e-01
   1.0000000e+00   6.6840803e+02   1.1328019e+02   7.1435173e+02  -9.6631983e-01
   1.4321856e+02   4.0005236e+01   2.2311703e+02   8.1344990e+01  -9.7842509e-01
   2.1788935e+02   3.6484384e+02   3.7996000e+02   4.2702545e+02  -9.7988397e-01
   1.0000000e+00   2.3936079e+01   5.8777635e+01   7.3194232e+01  -9.9502627e-01
   5.7608566e+02   1.8173645e+02   6.5896398e+02   2.4880600e+02  -9.9584748e-01
   3.2021729e+02   5.5232578e+02   5.1626669e+02   7.0276277e+02  -9.9696313e-01
   1.0000000e+00   2.5987349e+02   8.3762220e+01   3.2425961e+02  -9.9912244e-01
