   8.0837352e+01   4.7190027e+02   1.9557753e+02   5.5759446e+02   1.5773497e-02
   2.1643901e+01   6.2813495e+02   1.2958238e+02   6.6421753e+02  -7.2551641e-01
   4.7333980e+02   4.2598128e+02   5.7273377e+02   4.5896863e+02  -7.3418651e-01
   6.0872312e+00   5.1654315e+02   1.0435755e+02   5.9124498e+02  -7.3996181e-01
   1.2126206e+02   3.8766322e+02   2.1650876e+02   4.2526818e+02  -9.1451908e-01
   3.7313687e+02   3.6082894e+02   4.3799598e+02   4.1019782e+02  -9.2084265e-01
   3.3711725e+02   5.9109655e+02   4.4410038e+02   6.7225199e+02  -9.3770795e-01
   1.3853345e+00   4.6332671e+02   2.2540495e+02   5.6623311e+02  -9.4432609e-01
   4.7719062e+01   1.2059323e+02   1.4007390e+02   1.6408368e+02  -9.5302882e-01
   4.3887806e+02   4.6379583e+02   5.3443686e+02   4.9999532e+02  -9.6084907e-01
   8.4651451e+02   5.1010535e+02   1.0167477e+03   5.7795783e+02  -9.7628308e-01
