   1.6155803e+01   4.7982024e+02   3.1602409e+02   6.2390028e+02  -1.7239617e-01
   2.5387339e+00   5.7011508e+02   2.4077780e+02   6.7252368e+02  -4.4083191e-01
   7.4987239e+02   1.7423785e+01   8.3943151e+02   6.0130977e+01  -4.5709135e-01
   1.9305224e+02   1.3867504e+02   3.0745496e+02   1.8874462e+02  -7.9308043e-01
   7.3371077e+02   4.3908262e+02   1.0240000e+03   5.6922732e+02  -8.6442791e-01
   2.7352378e+02   6.2749068e+02   3.7087864e+02   6.5779434e+02  -8.7779028e-01
   2.1471615e+00   1.8350000e+02   8.5787732e+01   2.2521265e+02  -8.8890862e-01
   1.7417312e+00   3.7085307e+02   9.5127612e+01   4.0959943e+02  -8.9091324e-01
   5.2670971e+02   5.6217692e+02   5.9771418e+02   6.0499763e+02  -9.6765987e-01
   2.5625812e+02   3.3146618e+02   3.6143572e+02   4.2077788e+02  -9.7651956e-01
   3.4875555e+01   8.3403369e+01   1.0038126e+02   1.3866367e+02  -9.8909757e-01
   4.0574810e+02   4.2039751e+02   4.7794923e+02   4.7806108e+02  -9.9260046e-01
