   7.9535834e+01   4.6315248e+02   1.9721302e+02   5.5765696e+02  -8.3295456e-03
   8.4645254e+02   3.6991839e+02   9.7859302e+02   4.1691280e+02  -8.0965683e-01
   4.9345577e+00   4.3839436e+02   2.1094265e+02   5.8448349e+02  -8.3890852e-01
   1.2139813e+02   3.8786422e+02   2.1633041e+02   4.2542401e+02  -8.5705833e-01
   7.3916291e+02   5.3067234e+02   8.3098160e+02   5.9468384e+02  -8.6303320e-01
   6.4884742e+01   1.2055177e+02   1.3035022e+02   1.6783298e+02  -9.3646169e-01
   1.0000000e+00   2.3592734e+01   6.1306203e+01   7.4147333e+01  -9.6524742e-01
   1.6052181e+02   3.5225649e+00   2.4197253e+02   3.7943508e+01  -9.8998347e-01
   3.7886755e+00   4.0060473e+02   6.8950197e+01   4.5243472e+02  -9.9306397e-01
   3.0163506e+01   6.0026937e+01   9.4175795e+01   1.1170739e+02  -9.9923918e-01
