   2.0414564e+00   5.0800998e+02   8.0378045e+01   5.6664623e+02  -6.8694557e-01
   1.0000000e+00   6.7059020e+02   1.0981301e+02   7.1194322e+02  -7.1808640e-01
   4.3053569e+02   4.6097915e+02   4.9557527e+02   5.0485823e+02  -7.6778697e-01
   1.0000000e+00   4.7965875e+02   7.1865305e+01   5.4109197e+02  -7.9919526e-01
   8.9330503e+02   5.0443361e+02   1.0215919e+03   5.9375177e+02  -8.0653814e-01
   7.5353525e+02   5.0749115e+02   8.6685148e+02   5.4270186e+02  -8.8221469e-01
   2.9223492e+01   5.8018433e+01   9.2407538e+01   1.1055312e+02  -8.8366970e-01
   1.0000000e+00   4.7854436e+02   7.1435094e+01   5.6901783e+02  -9.0031934e-01
   2.8854802e+01   6.4058138e+02   1.4131773e+02   6.8237601e+02  -9.0311160e-01
   8.3168978e+02   3.4731838e+02   9.6823811e+02   4.1381963e+02  -9.0708062e-01
   1.6133266e+02   2.6378867e+00   2.4087949e+02   3.9111333e+01  -9.2719217e-01
   3.2044102e+02   5.5587089e+02   5.0212917e+02   6.9454137e+02  -9.3674477e-01
   5.5749158e+01   6.0807455e+02   1.2406160e+02   6.6477282e+02  -9.8050196e-01
   4.2699918e+01   1.2077083e+02   1.4032958e+02   1.6502424e+02  -9.8266964e-01
   1.3688023e+02   3.1236389e+02   2.0604910e+02   3.6451309e+02  -9.8796545e-01
   3.4998013e+02   4.2436990e+02   4.4717148e+02   4.6175129e+02  -9.9375245e-01
