   1.9022087e+00   4.4417093e+02   2.1589600e+02   6.1691236e+02  -3.8230065e-01
   6.3291307e+02   4.2309895e+02   8.5602205e+02   5.0828250e+02  -6.3854853e-01
   4.4607475e+02   5.4972069e+02   6.6257684e+02   6.4471148e+02  -7.5770084e-01
   3.2052208e+00   1.0000000e+00   9.5361228e+01   7.9562225e+01  -8.5876550e-01
   5.8137636e+02   6.2954966e+02   6.5268113e+02   6.7858601e+02  -8.9435376e-01
   4.5402213e+02   3.7522914e+02   5.5149628e+02   4.5117681e+02  -9.0961557e-01
   6.6860284e+02   6.7421103e+02   7.4090990e+02   7.2654929e+02  -9.1785974e-01
   5.6087798e+02   7.0689695e+02   6.8707307e+02   7.5429977e+02  -9.6355216e-01
   1.0000000e+00   5.6943878e+02   2.6261481e+02   7.6800000e+02  -9.6999977e-01
   9.1210930e+02   1.2857173e+02   1.0180208e+03   1.7529819e+02  -9.8827176e-01
   1.9445703e+02   8.5931838e+01   2.8044739e+02   1.4975765e+02  -9.9019626e-01
