   2.9902114e+01   6.3264513e+02   1.4528550e+02   6.8245108e+02  -4.0566853e-01
   8.4286872e+02   5.1354125e+02   9.5689039e+02   5.5723098e+02  -7.0327401e-01
   1.3286771e+01   7.1609530e+02   1.2189096e+02   7.4827842e+02  -8.0157112e-01
   1.0000000e+00   6.7885199e+01   9.5351666e+01   1.0984274e+02  -8.1101264e-01
   1.0000000e+00   6.9014889e+02   1.4136518e+02   7.5044563e+02  -8.4621201e-01
   5.2627776e+01   1.1967474e+02   1.3690066e+02   1.6405080e+02  -8.7208913e-01
   8.6583749e+02   5.2094199e+02   1.0240000e+03   5.9484379e+02  -8.8029377e-01
   1.2347108e+02   3.8703478e+02   2.2029542e+02   4.2640323e+02  -8.8659689e-01
   8.3671501e+02   3.6684229e+02   9.7807498e+02   4.1256483e+02  -8.9218408e-01
   3.2282600e+02   4.2997145e+02   4.0929390e+02   4.7026490e+02  -9.3512939e-01
   3.6257347e+00   2.5979239e+01   6.6159345e+01   7.6015339e+01  -9.3529121e-01
   1.0000000e+00   1.0000000e+00   1.0791483e+02   8.5269651e+01  -9.4555421e-01
   1.9718998e+02   2.3542014e+02   2.6989737e+02   2.9511609e+02  -9.6788625e-01
   5.3099384e+01   6.0436370e+02   1.2448313e+02   6.5690872e+02  -9.7547229e-01
   9.3745485e+02   4.2488460e+02   1.0240000e+03   5.0107913e+02  -9.8437149e-01
   1.1845714e+02   3.7429286e+02   2.2154431e+02   4.5206072e+02  -9.8474305e-01
