   5.9693896e+01   4.6234418e+02   1.8109255e+02   5.5292563e+02   8.5114411e-02
   1.0000000e+00   4.5284096e+02   2.3802728e+02   5.4522435e+02  -2.6059117e-01
   7.1252822e+02   4.6358628e+02   8.1023559e+02   5.4309869e+02  -3.1082804e-01
   7.7392565e+02   6.2415637e+02   8.8939061e+02   6.6260279e+02  -4.6686539e-01
   6.8662852e+02   4.4111159e+02   7.9716590e+02   4.9031635e+02  -6.3380092e-01
   3.0707930e+01   9.2771726e+01   1.2236177e+02   1.3794129e+02  -6.5723711e-01
   6.2337808e+02   4.0429093e+02   8.2582663e+02   4.9579076e+02  -7.4314813e-01
   7.1645837e+02   5.2328311e+02   8.1992014e+02   5.6128729e+02  -7.5727649e-01
   2.6877368e+00   3.2483618e+02   1.5871843e+02   4.0431372e+02  -8.3035362e-01
   1.8004771e+02   2.0583801e+02   2.7595192e+02   2.4546627e+02  -8.6295752e-01
   8.9506689e+02   6.4774789e+02   1.0240000e+03   7.5151777e+02  -8.6819237e-01
   9.0449648e+02   5.5890346e+02   1.0206160e+03   5.9142105e+02  -8.6821567e-01
   1.0330814e+02   3.8299180e+02   1.7077012e+02   4.3738979e+02  -8.6906358e-01
   3.4825425e+00   1.1420610e+01   7.7694344e+01   7.7068864e+01  -8.6999295e-01
   4.8735564e+00   2.7156818e+02   8.0161445e+01   3.3928816e+02  -8.9644414e-01
   9.0456853e+02   2.4203811e+02   1.0240000e+03   3.2995992e+02  -9.1123305e-01
   9.0523251e+01   2.8108820e+02   1.6416009e+02   3.3715807e+02  -9.5684967e-01
   5.7206484e+02   4.5996981e+02   6.5486585e+02   5.1919018e+02  -9.8345902e-01
   1.0667550e+02   3.6961633e+02   2.0590135e+02   4.1200492e+02  -9.8351848e-01
