   7.4184885e+01   4.8405851e+02   1.8878265e+02   5.7145216e+02  -2.5803345e-01
   5.4017405e+02   4.8014976e+02   6.1323610e+02   5.2908698e+02  -5.5560158e-01
   1.3437732e+02   5.2949285e+02   2.5428784e+02   5.7624134e+02  -6.2836721e-01
   1.3366721e+01   6.7786330e+02   1.3439194e+02   7.2552698e+02  -6.6996628e-01
   1.0000000e+00   4.7858358e+01   8.6603544e+01   1.2249149e+02  -6.9191328e-01
   1.1421035e+00   2.9950138e+02   9.5536358e+01   3.7556062e+02  -7.7829079e-01
   2.9145414e+02   5.8919680e+02   4.9377468e+02   7.5474592e+02  -8.9586839e-01
   5.0784623e+01   4.6009161e+02   2.1378463e+02   5.9400174e+02  -9.2414045e-01
   3.7794003e+02   3.7542587e+02   4.3686280e+02   4.2234094e+02  -9.3731662e-01
   5.1586001e+02   4.9451767e+02   6.0777192e+02   5.6289373e+02  -9.4210945e-01
   3.0620800e+01   2.3019116e+02   9.6027847e+01   2.8126752e+02  -9.5892433e-01
   9.2652781e+02   3.8369807e+02   1.0240000e+03   4.1917832e+02  -9.7568578e-01
   9.4290529e+02   6.9208878e+01   1.0201504e+03   1.3086648e+02  -9.8303928e-01
