   4.5073531e+00   4.6487717e+02   2.4370620e+02   5.7925413e+02  -5.6525162e-02
   1.3218748e+02   1.9109615e+02   2.4230061e+02   2.3496691e+02  -7.0497886e-01
   1.6178098e+02   2.8003605e+00   2.4215123e+02   3.9030580e+01  -9.0475952e-01
   1.2473616e+02   3.8650903e+02   2.1636428e+02   4.2543528e+02  -9.1840103e-01
   3.1081744e+00   7.9255064e+01   6.6042938e+01   1.2933753e+02  -9.3131342e-01
   4.2434937e+02   4.6144767e+02   4.8708271e+02   5.0461082e+02  -9.5252233e-01
   6.1648357e+02   5.1048744e+02   6.8185733e+02   5.6317556e+02  -9.6605251e-01
   8.4220123e+02   3.7054447e+02   9.5594412e+02   4.0763407e+02  -9.7092206e-01
   8.4067575e+02   5.1474352e+02   9.6722162e+02   5.6424273e+02  -9.7384203e-01
   3.7313687e+02   3.6082894e+02   4.3799598e+02   4.1019782e+02  -9.7543221e-01
   1.5337386e+01   1.1414097e+02   1.4340763e+02   1.6848853e+02  -9.8511817e-01
   1.0724224e+01   5.9209522e+01   9.0770748e+01   1.1744143e+02  -9.8784442e-01
   9.2270359e+02   4.9618439e+02   1.0240000e+03   5.7289447e+02  -9.8785774e-01
