   1.2114172e+02   3.8894842e+02   2.1652486e+02   4.2546429e+02  -6.9348804e-01
   5.8060040e+00   1.9674248e+02   1.2019167e+02   2.5556530e+02  -7.5885264e-01
   4.5448045e+00   6.7609504e+01   9.1849182e+01   1.0979257e+02  -7.6211972e-01
   8.6541182e+01   4.5112754e+02   1.7701684e+02   5.1605253e+02  -8.8822263e-01
   8.5118667e+02   5.1034064e+02   1.0109631e+03   5.6504557e+02  -8.8918930e-01
   1.0000000e+00   1.0000000e+00   1.0774982e+02   8.3311748e+01  -9.4612083e-01
   2.3132257e+00   3.7468423e+02   7.1626140e+01   4.2463158e+02  -9.5648481e-01
   2.0870021e+02   5.1785363e+02   2.8860803e+02   5.7786773e+02  -9.5917904e-01
   3.8091394e+00   2.7678838e+02   1.1903946e+02   3.6227502e+02  -9.8047329e-01
   3.7017299e+02   2.8224022e+02   4.4538059e+02   3.3965348e+02  -9.8901724e-01
   1.5232823e+02   1.4860285e+02   2.2353384e+02   2.0835951e+02  -9.9154077e-01
   6.1753259e+02   5.0980133e+02   6.8132353e+02   5.5746727e+02  -9.9689023e-01
