   4.4983351e+01   4.7709226e+02   1.5606917e+02   5.2055441e+02   6.3393118e-02
   1.0000000e+00   4.6310232e+02   1.4858027e+02   5.2530179e+02  -6.6494050e-01
   1.0000000e+00   5.8500007e+02   7.6502350e+01   6.3911606e+02  -7.8118914e-01
   4.3352563e+00   7.1552836e+02   1.1034963e+02   7.4563562e+02  -8.3293045e-01
   8.3873723e+02   5.1378478e+02   9.5721103e+02   5.5720239e+02  -8.8766817e-01
   4.7575699e+00   2.6861197e+02   1.0265716e+02   3.1365784e+02  -9.2328419e-01
   4.3071218e+02   4.6132961e+02   4.9628508e+02   5.0947547e+02  -9.3004057e-01
   2.4619969e+00   7.6755711e+01   6.8631124e+01   1.3040152e+02  -9.3112498e-01
   8.9253182e+02   5.0763562e+02   1.0227707e+03   5.9385434e+02  -9.3152195e-01
   2.7195104e+01   1.1591802e+02   1.4042615e+02   1.6945024e+02  -9.4453667e-01
   1.0000000e+00   1.0000000e+00   1.0807983e+02   8.7227554e+01  -9.6397226e-01
   3.2767294e+02   6.2427671e+02   4.2850893e+02   7.0060958e+02  -9.7649876e-01
   9.5021239e+02   3.7655797e+02   1.0195530e+03   4.2586276e+02  -9.8121676e-01
   1.3674532e+02   5.3685120e+02   2.1035671e+02   5.8759122e+02  -9.8819429e-01
   2.7155109e+01   5.6486492e+02   1.2456699e+02   6.4277096e+02  -9.9516842e-01
   1.5518135e+02   3.2671359e+00   2.4086192e+02   3.8550878e+01  -9.9578805e-01
