   6.9465510e+01   4.7488459e+02   2.0280055e+02   5.6938788e+02  -2.5910750e-01
   8.7209405e+02   4.2628889e+02   1.0060662e+03   4.8310535e+02  -4.8391078e-01
   5.6517255e+02   4.9227902e+02   6.3168449e+02   5.4609097e+02  -5.2916247e-01
   4.2275394e+00   6.6279846e+02   1.3668420e+02   7.2445271e+02  -6.2148407e-01
   4.2489278e+00   3.2837971e+01   8.7939087e+01   1.1250867e+02  -6.5088350e-01
   8.3563025e+02   6.5882852e+02   9.4231148e+02   6.8766540e+02  -6.8372804e-01
   9.1715691e+02   2.4000889e+02   1.0240000e+03   3.1190917e+02  -8.1021599e-01
   3.5563198e+02   4.2838730e+02   4.4207423e+02   4.9148569e+02  -8.9606633e-01
   5.5850595e+02   6.4850050e+02   6.3753638e+02   7.0496159e+02  -9.0371262e-01
   3.1835121e+02   5.8067627e+02   4.3455766e+02   6.2053585e+02  -9.3772568e-01
   4.8773249e+01   1.5455901e+02   1.1883212e+02   2.0926720e+02  -9.5832731e-01
   1.1844675e+02   5.6316434e+02   2.3990586e+02   6.5364054e+02  -9.6490141e-01
   5.0459900e+02   4.5891567e+02   6.3819914e+02   5.1712394e+02  -9.7338891e-01
   4.4125160e+02   6.1372132e+02   5.2511373e+02   6.7737979e+02  -9.7344236e-01
   3.6377980e+00   5.5147636e+02   7.5295916e+01   6.0618089e+02  -9.8281724e-01
   5.1250951e+02   6.0201329e+02   5.7917870e+02   6.5267679e+02  -9.8487897e-01
   9.4501646e+02   4.8584869e+02   1.0202475e+03   5.4183318e+02  -9.9150918e-01
