   8.4092648e+02   5.1016949e+02   1.0028964e+03   5.6586135e+02  -6.9502832e-01
   2.8364176e+01   6.4185546e+02   1.3186005e+02   6.8548554e+02  -7.4061951e-01
   3.9769636e+01   4.7994196e+02   2.0997473e+02   5.4757803e+02  -8.3979819e-01
   7.3813504e+02   5.3045573e+02   8.2892673e+02   5.9507129e+02  -8.5364957e-01
   1.0000000e+00   7.1730649e+02   1.1154651e+02   7.5570273e+02  -8.9578095e-01
   8.0339825e+02   5.2040720e+02   8.7560822e+02   5.7159307e+02  -9.1237155e-01
   1.0000000e+00   4.3881242e+02   9.7231812e+01   5.0284436e+02  -9.3320147e-01
   3.3127657e+02   6.2572200e+02   4.2144471e+02   6.9743453e+02  -9.6113623e-01
   8.3648058e+02   3.7000832e+02   9.6937404e+02   4.1673557e+02  -9.6164989e-01
   2.9421936e+01   6.2314155e+01   9.4622925e+01   1.1073959e+02  -9.8126855e-01
   1.8265560e+02   2.2347859e+02   2.7428510e+02   2.9114160e+02  -9.8538899e-01
   2.8227874e+00   7.9242602e+01   6.4784379e+01   1.3036078e+02  -9.8626494e-01
