   8.3091979e+01   4.7172149e+02   1.9691595e+02   5.5896853e+02   5.3861622e-02
   1.0000000e+00   4.6641622e+02   2.3678866e+02   5.8434010e+02  -1.4626105e-01
   1.0000000e+00   7.1321355e+02   1.2449150e+02   7.5128270e+02  -3.9434425e-01
   8.2490047e+02   3.4782028e+02   9.6641981e+02   4.1326462e+02  -6.4082531e-01
   1.6164115e+02   2.6521573e+00   2.4198359e+02   3.9177151e+01  -8.8520761e-01
   2.1520786e+01   5.9883600e+02   1.8888767e+02   6.6760256e+02  -8.8707098e-01
   1.7791788e+01   6.4566660e+01   9.4753266e+01   1.0500439e+02  -8.9936944e-01
   8.9330503e+02   5.0443361e+02   1.0215919e+03   5.9375177e+02  -9.6224005e-01
   1.0000000e+00   1.0000000e+00   1.0807983e+02   8.7227554e+01  -9.7087738e-01
   3.5704620e+02   4.1829003e+02   4.4018345e+02   4.8559882e+02  -9.7197976e-01
   5.0410691e+00   7.5302566e+01   6.8545648e+01   1.3090225e+02  -9.7741510e-01
   2.8310732e+01   5.6609146e+02   9.5090380e+01   6.2118028e+02  -9.8217251e-01
   4.0455417e+01   2.0903858e+02   1.0734250e+02   2.6944060e+02  -9.8379028e-01
