   1.2205062e+02   3.8706538e+02   2.2918774e+02   4.2949492e+02  -7.8732803e-01
   3.7263939e+02   3.6081042e+02   4.3816174e+02   4.0924212e+02  -8.3176509e-01
   7.9035411e+02   5.9965008e+02   9.0353248e+02   6.3661488e+02  -8.7109239e-01
   1.6178098e+02   2.8003605e+00   2.4215123e+02   3.9030580e+01  -8.8044607e-01
   5.6661250e+00   7.4261514e+01   6.7961708e+01   1.2891237e+02  -8.9494534e-01
   1.2040857e+01   5.4671219e+01   9.3281863e+01   1.2129802e+02  -9.0640908e-01
   1.9206026e+02   2.2894738e+02   2.7386675e+02   2.9845573e+02  -9.1370218e-01
   4.2191329e+02   4.4932794e+02   4.9169377e+02   5.0465453e+02  -9.1742154e-01
   9.0678100e+02   1.2506104e+02   1.0182936e+03   2.0949823e+02  -9.2203364e-01
   2.3301388e+00   3.7415061e+02   7.2463522e+01   4.2518316e+02  -9.3301690e-01
   1.2308441e+02   3.5272548e+02   1.9219078e+02   3.9815851e+02  -9.3815959e-01
   2.9015823e+00   3.9779214e+02   8.5176324e+01   4.6304018e+02  -9.5020128e-01
   7.8906353e+02   5.5095843e+02   9.1053757e+02   6.3736566e+02  -9.5218394e-01
   8.4097290e+02   3.7294938e+02   9.7767877e+02   4.2581898e+02  -9.7270843e-01
   7.5832509e+02   3.3789650e+02   9.4326438e+02   4.1329821e+02  -9.7432616e-01
   2.6940582e+01   4.7612139e+02   1.2689460e+02   5.4311148e+02  -9.7584668e-01
   3.0367191e+01   6.3341620e+02   1.6357354e+02   6.8415647e+02  -9.8684836e-01
   1.0000000e+00   2.5976360e+02   9.0130046e+01   3.2294954e+02  -9.8865716e-01
   9.0722445e+02   4.5804682e+02   1.0231348e+03   5.4016254e+02  -9.9036185e-01
   3.0622178e+02   5.5342313e+02   3.7924406e+02   6.0826451e+02  -9.9764969e-01
