   8.1417388e+01   4.7645516e+02   2.1096298e+02   5.7128598e+02  -3.4133508e-01
   4.7921240e+02   4.8811228e+02   5.9525099e+02   5.2694104e+02  -6.5797625e-01
   7.0593842e+02   6.2523361e+02   8.0679502e+02   6.5745073e+02  -7.0669248e-01
   3.3416591e+00   2.7388015e+02   1.2313529e+02   3.2487865e+02  -7.8052874e-01
   7.5039332e+02   5.4488092e+02   8.2304837e+02   5.9621587e+02  -7.8417634e-01
   6.4555641e+00   7.0776282e+01   9.5309913e+01   1.1855233e+02  -8.3784844e-01
   3.9709467e+00   5.6229255e+02   1.0652082e+02   6.0874003e+02  -8.6022025e-01
   1.0000000e+00   4.9587922e+02   8.9680506e+01   5.3296122e+02  -8.7209816e-01
   4.1263339e+00   4.5419225e+02   1.0629619e+02   5.3394218e+02  -9.4492662e-01
   2.4491684e+00   4.8124561e+02   2.2318193e+02   5.9259042e+02  -9.5492479e-01
   1.1433321e+02   3.9753186e+02   2.1644869e+02   4.3838926e+02  -9.7815230e-01
   4.6624042e+02   4.5619678e+02   5.6735180e+02   5.3726436e+02  -9.8760344e-01
   4.3080769e+02   6.0667267e+02   5.1576381e+02   6.6469467e+02  -9.8805325e-01
