   9.5354622e+00   4.7885260e+02   1.9708136e+02   5.7101920e+02  -6.0301635e-02
   8.9345511e+02   5.3062186e+02   1.0240000e+03   5.7546715e+02  -8.0903404e-01
   1.0000000e+00   4.7507790e+02   2.0250764e+02   6.1356941e+02  -8.4497694e-01
   6.0889129e+01   1.1916836e+02   1.2713012e+02   1.7342369e+02  -8.5231703e-01
   1.2896810e+02   3.8707440e+02   2.2048318e+02   4.2064431e+02  -8.7234385e-01
   1.5563404e+00   6.7115709e+02   1.1238163e+02   7.1369459e+02  -9.1933918e-01
   6.1569205e+02   5.1053327e+02   6.8187513e+02   5.6111702e+02  -9.1962900e-01
   1.0000000e+00   1.0000000e+00   1.0758482e+02   8.1353845e+01  -9.3394073e-01
   1.0000000e+00   3.7258502e+02   7.4471307e+01   4.2712173e+02  -9.5004789e-01
   2.4879114e+01   1.1978577e+02   1.1031027e+02   1.8991192e+02  -9.5727603e-01
   3.5829803e+02   4.0339886e+02   4.3390367e+02   4.5561488e+02  -9.6555148e-01
   8.6322147e+02   4.9409610e+02   9.5616386e+02   5.6690343e+02  -9.9040599e-01
   7.3878044e+02   5.3047242e+02   8.2739428e+02   5.9569790e+02  -9.9520798e-01
