   3.5941815e+01   4.9560224e+02   1.7852521e+02   5.5560050e+02  -6.0009668e-01
   7.8826511e+01   4.5969211e+02   2.2355357e+02   5.7333004e+02  -7.5790669e-01
   8.8187273e+02   5.2100050e+02   1.0240000e+03   5.8431464e+02  -8.0985997e-01
   8.4292216e+02   3.7052290e+02   9.7968335e+02   4.1574080e+02  -8.1325679e-01
   8.3797287e+02   5.0535418e+02   9.6191681e+02   5.5456778e+02  -9.0991831e-01
   2.5312386e+01   1.2064222e+02   1.1061478e+02   1.9440092e+02  -9.0995283e-01
   1.2885800e+01   4.6876532e+02   2.9485259e+02   6.1971435e+02  -9.1843877e-01
   6.0942456e+02   5.9771793e+02   7.5752973e+02   6.4911595e+02  -9.2569531e-01
   3.6903917e+02   4.1995615e+02   4.3825421e+02   4.7322532e+02  -9.4741394e-01
   1.2112599e+02   3.8746223e+02   2.1668710e+02   4.2511235e+02  -9.7503086e-01
   4.3298834e+00   3.9131993e+01   5.9188853e+01   8.5264252e+01  -9.7890315e-01
   2.6404839e+00   7.9498559e+01   6.6447020e+01   1.2867864e+02  -9.8766567e-01
