   5.1980482e+01   4.7367153e+02   1.7724809e+02   5.7133789e+02   2.8686576e-02
   8.6135003e+02   4.9176931e+02   1.0165443e+03   5.6317906e+02  -1.0839474e-01
   2.5404847e+00   4.6471884e+02   2.4146007e+02   5.8119900e+02  -5.2699382e-01
   8.6353353e+02   4.6605224e+02   1.0240000e+03   5.9865595e+02  -6.4677800e-01
   6.9593571e+02   5.2622524e+02   7.6452913e+02   5.7211910e+02  -7.2651498e-01
   3.5239932e+02   2.5382470e+02   4.1603546e+02   3.0503855e+02  -7.4925414e-01
   1.0835011e+00   9.5788391e+01   1.1671382e+02   1.5849100e+02  -8.4129489e-01
   5.6973199e+01   5.5961955e+02   2.0144137e+02   6.1298988e+02  -8.6054766e-01
   8.9110286e+02   3.6439261e+02   1.0238250e+03   4.2363652e+02  -8.6097674e-01
   1.9324310e+00   3.4698612e+02   1.4943936e+02   4.2131270e+02  -8.8900173e-01
   7.1165608e+02   4.4506973e+02   1.0240000e+03   5.9036039e+02  -8.9422791e-01
   4.7761365e+00   1.5383081e+02   9.4335732e+01   2.3483717e+02  -9.1605155e-01
   7.9441315e+02   6.2261703e+02   9.0927311e+02   7.1155677e+02  -9.4408849e-01
   5.0438933e+02   4.4037608e+02   6.3045543e+02   4.9391828e+02  -9.6598982e-01
   7.6766525e+02   6.4435824e+02   9.2458609e+02   7.4778916e+02  -9.8298882e-01
   1.9170710e+00   2.9697730e+02   7.0578600e+01   3.5204018e+02  -9.8580069e-01
