   7.7265134e+01   4.7450059e+02   1.9549390e+02   5.6556709e+02  -4.9934470e-02
   4.6376333e+02   4.9172792e+02   5.2978291e+02   5.4373596e+02  -5.5784006e-01
   4.1569987e+00   4.6790201e+02   7.5843920e+01   5.1983504e+02  -6.5573064e-01
   2.4789666e+00   5.0506905e+02   6.4904064e+01   5.5510413e+02  -8.0169480e-01
   5.1255306e+02   6.2047584e+02   5.7960089e+02   6.6742047e+02  -8.3606974e-01
   8.0079548e+01   3.9893490e+02   1.9730699e+02   4.8967878e+02  -8.4756124e-01
   1.4601106e+02   5.2098490e+02   2.6139596e+02   5.6551209e+02  -8.5497642e-01
   1.1257197e+01   7.3231215e+02   1.2533798e+02   7.6359870e+02  -8.8530693e-01
   3.7216689e+02   3.6970216e+02   4.3677453e+02   4.1969522e+02  -8.9037863e-01
   4.2236988e+02   6.0250719e+02   4.9132039e+02   6.5614362e+02  -9.1879090e-01
   1.0000000e+00   4.6566546e+02   2.2554876e+02   5.7116151e+02  -9.2164330e-01
   9.2507365e+02   5.0493354e+02   1.0240000e+03   5.8613132e+02  -9.2822849e-01
   2.0803991e+01   6.5343292e+01   9.4935739e+01   1.1911985e+02  -9.3336282e-01
   7.2488358e+02   5.3877081e+02   7.9977182e+02   5.9812091e+02  -9.4246614e-01
   3.5948288e+02   4.1354173e+02   4.3302594e+02   4.6845220e+02  -9.4540943e-01
   3.6926635e+02   2.9149611e+02   4.4477145e+02   3.4761707e+02  -9.5634266e-01
   3.4404688e+02   5.3672876e+02   4.1570384e+02   5.8654423e+02  -9.7017880e-01
   8.2776156e+02   4.3036419e+02   9.5206830e+02   4.8485206e+02  -9.7023959e-01
   6.3218358e+01   1.2839972e+02   1.2330066e+02   1.7888108e+02  -9.7441568e-01
   8.3427976e+02   3.7286288e+02   9.6311078e+02   4.1823052e+02  -9.7648217e-01
   3.4304582e+02   4.5267960e+02   4.4149566e+02   4.9586253e+02  -9.8138345e-01
   9.0344163e+02   7.1368627e+01   9.8765908e+02   1.3954495e+02  -9.9429648e-01
