   7.1948889e+01   4.7631703e+02   1.9348778e+02   5.7379446e+02  -1.1939804e-01
   9.4687308e+00   4.7537492e+02   2.4074299e+02   5.8795298e+02  -5.1591306e-01
   1.8397952e+01   1.2590567e+02   1.3841262e+02   1.7870396e+02  -7.2840826e-01
   5.1952537e+02   4.9510798e+02   5.9140243e+02   5.4831873e+02  -7.5603410e-01
   3.5759216e+02   4.2507692e+02   4.3648750e+02   4.7467520e+02  -8.0198251e-01
   5.0111449e+02   4.5503783e+02   6.0531799e+02   5.5247168e+02  -8.3441670e-01
   1.8348789e+00   4.1849539e+01   1.0990724e+02   1.3080018e+02  -8.7487649e-01
   3.4680430e+02   5.4119174e+02   4.2030568e+02   5.9439378e+02  -9.0849685e-01
   1.4439564e+00   6.7152670e+02   7.3730230e+01   7.2336773e+02  -9.4635268e-01
   8.5106242e+02   1.8405509e+02   9.5174656e+02   2.7132964e+02  -9.6145406e-01
   1.0000000e+00   2.7010503e+02   8.8786743e+01   3.3537828e+02  -9.6607756e-01
   5.1612813e+02   5.2360662e+02   6.0538640e+02   5.8900383e+02  -9.7880621e-01
   5.7002998e+02   6.3092978e+02   6.4401650e+02   6.8597924e+02  -9.8448401e-01
