   1.0000000e+00   6.6922626e+02   1.1164400e+02   7.1249906e+02  -7.7220157e-01
   1.2332289e+02   3.8825750e+02   2.1798132e+02   4.2550195e+02  -7.8766129e-01
   5.3208317e+01   1.1914261e+02   1.3805605e+02   1.6499474e+02  -8.5069083e-01
   9.3811772e+00   1.9476718e+02   1.1842590e+02   2.5123380e+02  -8.7993786e-01
   5.5117630e+01   6.0640348e+02   1.2332095e+02   6.6340850e+02  -8.8573669e-01
   1.4216141e+01   5.6139918e+01   9.3743489e+01   1.1849697e+02  -9.6859552e-01
   8.2077140e+02   5.0819525e+02   9.6156901e+02   5.6382917e+02  -9.6992909e-01
   4.9039423e+00   2.3121491e+02   1.0047673e+02   2.7441437e+02  -9.7136246e-01
   1.5539109e+02   3.4894408e+00   2.4111339e+02   3.8331022e+01  -9.7205249e-01
   8.1793065e+02   3.8516268e+02   9.2366501e+02   4.6503039e+02  -9.8937631e-01
