   3.5776257e+00   6.7001726e+02   1.0470922e+02   7.1342328e+02  -6.2700640e-01
   1.0000000e+00   4.7497474e+02   6.6260438e+01   5.6965003e+02  -8.0998218e-01
   1.2473616e+02   3.8650903e+02   2.1636428e+02   4.2543528e+02  -8.3460116e-01
   2.9463196e+01   6.3868797e+02   1.3610484e+02   6.8432014e+02  -8.3523586e-01
   3.7238247e+02   3.5998714e+02   4.3491065e+02   4.1023403e+02  -9.4005874e-01
   2.3131450e+00   1.7996662e+01   6.8368435e+01   7.1318005e+01  -9.5279014e-01
   4.2928088e+01   1.2098999e+02   1.3996416e+02   1.6373866e+02  -9.5358968e-01
   3.0578540e+01   5.7434356e+01   9.2821889e+01   1.0896183e+02  -9.7390081e-01
   4.6577045e+01   1.5290295e+02   1.3324840e+02   1.8972362e+02  -9.7648821e-01
   1.4273625e+01   5.0579122e+02   2.6327910e+02   7.0868937e+02  -9.8680921e-01
   1.3538499e+02   1.9348463e+02   2.5653127e+02   2.3874451e+02  -9.9818444e-01
   7.3662972e+02   5.2925005e+02   8.2568951e+02   5.9556202e+02  -9.9875363e-01
